1 0.6377294685990338 0.40217378497790873 0.0648849104859335 0.07582326951399117
1 0.3476356919579426 0.5538969072164949 0.05588803637396987 0.07293667157584684
2 0.29766979255470305 0.17434462444771723 0.06109690252912759 0.09144624447717231
2 0.40139244103438476 0.2423505154639175 0.07530548451264564 0.09491016200294551
2 0.5214549587951123 0.17925184094256258 0.0625177607274794 0.07769955817378499
2 0.7014293833475419 0.6508748159057437 0.07578005115089514 0.09899852724594993
2 0.8856692242114237 0.4664977908689249 0.097564649048025 0.0925419734904271
2 0.29743393009377667 0.6231310751104566 0.08619778346121057 0.09947864506627394
2 0.2278118783745382 0.29267746686303386 0.07198920147769253 0.0924742268041237
2 0.4819067917021881 0.594898379970545 0.08856777493606138 0.10486892488954344
3 0.5951037226484797 0.795478645066274 0.12171923842000568 0.12606185567010308
3 0.2841716396703609 0.7697025036818851 0.08240977550440466 0.12457731958762887
4 0.5671582836032963 0.3133048600883653 0.0942512077294686 0.139620029455081
4 0.42815288434214266 0.8440942562592046 0.10893151463483944 0.17616200294550813
6 0.5477408354646206 0.42672754050073636 0.08383063370275647 0.11314874815905743
4 0.16481955100880932 0.18490132547864507 0.13924410343847685 0.1037260677466863
4 0.10703893151463484 0.4385125184094256 0.10324808184143222 0.13672459499263623
4 0.5067718101733447 0.3462032400589101 0.10703893151463484 0.12293961708394698
6 0.8991673770957659 0.5907275405007364 0.09898550724637681 0.11714285714285715
4 0.3111679454390452 0.09995581737849779 0.11366865586814436 0.08699852724594993
8 0.6052855924978687 0.548259204712813 0.09946007388462631 0.16475405007363772
8 0.4084967320261438 0.6771458026509573 0.1577152600170503 0.14270986745213549