1 0.44485698569856985 0.862127027027027 0.08663366336633663 0.0747054054054054
1 0.36418316831683173 0.7706675675675675 0.0682975797579758 0.06475945945945946
2 0.3479097909790979 0.15185405405405406 0.05500550055005501 0.07848378378378378
2 0.5303437843784379 0.18339189189189187 0.05683993399339934 0.0875054054054054
2 0.7787871287128713 0.6983567567567568 0.10267601760176018 0.0795972972972973
2 0.5933718371837183 0.3377027027027027 0.08113311331133113 0.08531351351351352
2 0.6967354235423542 0.20524324324324325 0.0925935093509351 0.07985675675675677
3 0.27479922992299227 0.3573027027027027 0.10405115511551155 0.10018918918918919
3 0.4817574257425743 0.45146486486486487 0.06967271727172718 0.11554324324324323
4 0.6997167216721673 0.5366189189189189 0.0847992299229923 0.1399081081081081
4 0.6706078107810781 0.32216216216216215 0.08434268426842685 0.1218027027027027
6 0.44966996699669964 0.1628945945945946 0.07700770077007701 0.09245405405405405
6 0.37174642464246427 0.3449108108108108 0.06967271727172718 0.09973513513513513
6 0.45150440044004403 0.614108108108108 0.08617436743674367 0.09488378378378379
6 0.44485698569856985 0.5307594594594595 0.08663366336633663 0.10115945945945946
8 0.21406215621562158 0.15996756756756755 0.12284653465346534 0.10551891891891892
8 0.8104152915291529 0.535718918918919 0.09442519251925192 0.14891621621621623
8 0.5223239823982398 0.25503243243243245 0.11505225522552255 0.12267567567567567
8 0.4787761276127613 0.3295972972972973 0.07196644664466446 0.13396756756756756
0 0.2463778877887789 0.7891486486486486 0.09121837183718372 0.14496216216216218
0 0.10428217821782179 0.2644918918918919 0.09855060506050604 0.09835135135135134
12 0.6717546754675467 0.8981756756756757 0.06738173817381739 0.1305864864864865