1 0.7311721404303511 0.5595039745627981 0.049546998867497166 0.07820349761526232
1 0.8451302378255946 0.689631160572337 0.059456398640996604 0.08726550079491256
2 0.7104105322763307 0.1688616852146264 0.07597112117780294 0.09183465818759937
2 0.5464326160815403 0.2767281399046105 0.07361268403171008 0.08816534181240063
2 0.5351075877689694 0.8311573926868043 0.09060022650056625 0.10322416534181239
2 0.8073810872027181 0.5534117647058824 0.08021800679501698 0.1009952305246423
2 0.2529246885617214 0.2963402225755167 0.07550113250283126 0.08923370429252782
2 0.6502463193657985 0.6429888712241654 0.08304926387315968 0.09572972972972973
3 0.7870894677236693 0.39678855325914153 0.06606172140430351 0.11735771065182829
3 0.883352208380521 0.37425755166931635 0.07927519818799547 0.12424801271860095
2 0.21446772366930916 0.7797424483306836 0.08635334088335221 0.10214308426073132
2 0.13495753114382786 0.44103974562798093 0.09437429218573046 0.08610810810810811
4 0.4131285390713477 0.2303529411764706 0.12127123442808607 0.1257806041335453
4 0.22980464326160815 0.6339841017488077 0.11419309173272933 0.14766931637519873
4 0.900574745186863 0.5109856915739268 0.09295866364665911 0.14284260731319556
4 0.15477633069082672 0.33291255961844196 0.145336919592299 0.11151033386327504
4 0.4631455266138165 0.45879809220985696 0.12504813137032844 0.09936724960254371
4 0.31945922989807474 0.37638155802861684 0.11796998867497169 0.13484896661367252
6 0.5277944507361269 0.39439745627980927 0.07880237825594563 0.08820985691573928
6 0.5157616081540204 0.5820349761526232 0.09154303510758777 0.09464546899841018
8 0.6127321630804077 0.5059777424483307 0.12410249150622876 0.1492114467408585
8 0.6153255945639864 0.38486168521462644 0.08682616081540204 0.15181240063593004
8 0.705218006795017 0.40977424483306835 0.10522933182332957 0.14440063593004768