1 0.3535908543922984 0.2954429945054945 0.054953068592057765 0.10553914835164835
1 0.5679903730445247 0.5307211538461538 0.06738868832731648 0.10219436813186812
1 0.6470108303249097 0.2925824175824176 0.061773766546329725 0.11355082417582418
1 0.2637376654632972 0.654945054945055 0.07260409145607702 0.11712912087912088
2 0.4993983152827918 0.3028880494505494 0.0842358604091456 0.12042582417582418
2 0.48736462093862815 0.43913118131868134 0.0842358604091456 0.11818681318681319
2 0.3447653429602888 0.44514423076923076 0.10469314079422383 0.14738667582417583
2 0.7976341756919374 0.7528434065934066 0.12956197352587245 0.17555631868131868
3 0.4288014440433213 0.6211744505494505 0.14039229843561973 0.1594745879120879
4 0.1632563176895307 0.25565934065934065 0.1676702767749699 0.1324278846153846
4 0.14119614921780985 0.4210989010989011 0.17167990373044525 0.13363667582417582
4 0.214 0.7874759615384616 0.18973044524669075 0.18644574175824175
6 0.4159638989169675 0.16206387362637362 0.09065463297232251 0.14097870879120877