1 0.21719319562575942 0.14347341337907377 0.0637910085054678 0.07730131503716409
1 0.21567436208991494 0.28190966266437967 0.07290400972053462 0.059722698684962834
1 0.45742102065613605 0.5447312750142939 0.08556196840826245 0.06792738707833047
2 0.06404313487241799 0.3150343053173242 0.07037363304981774 0.10596054888507718
2 0.13897326852976913 0.46967695826186395 0.08657351154313488 0.09220125786163522
2 0.7720747266099636 0.7267781589479703 0.09821688942891858 0.10040308747855917
2 0.7953614823815309 0.31265008576329334 0.09619380315917377 0.08975700400228703
2 0.8753554070473877 0.6691166380789023 0.0921415552855407 0.09942824471126359
3 0.3721142162818955 0.0879559748427673 0.10024301336573511 0.11206689536878216
4 0.5303250303766707 0.10678101772441395 0.12808930741190766 0.10111492281303602
4 0.7475182260024301 0.5566552315608919 0.11290097205346294 0.1546655231560892
6 0.15137606318347507 0.19756432246998287 0.09619380315917377 0.09686106346483704
7 0.46501518833535843 0.4308376214979988 0.11897630619684083 0.09742995997712979
8 0.612089914945322 0.2516580903373356 0.10024301336573511 0.1450142938822184
4 0.8801640340218712 0.844496855345912 0.09264884568651276 0.18146369353916522
4 0.6131014580801943 0.4370354488279017 0.1204951397326853 0.12697827329902803