1 0.6727789256198347 0.45273180751173714 0.054235537190082644 0.074087441314554
1 0.392993285123967 0.3663967136150235 0.057678202479338844 0.06280223004694836
2 0.32691890495867765 0.1959330985915493 0.07274535123966942 0.06518192488262911
8 0.5315934917355372 0.3008597417840375 0.09211518595041322 0.13125586854460095
2 0.5552685950413223 0.21134096244131456 0.056818181818181816 0.08719776995305165
2 0.23523502066115703 0.5977640845070423 0.08565857438016529 0.0971332159624413
2 0.7541322314049587 0.43439260563380283 0.056818181818181816 0.1048943661971831
2 0.5520402892561983 0.7266519953051642 0.07877066115702479 0.08789025821596243
2 0.3942846074380165 0.7713937793427229 0.06887138429752067 0.07791079812206572
2 0.3912706611570248 0.627599765258216 0.054235537190082644 0.08638204225352113
2 0.6247856404958678 0.357837441314554 0.07446539256198347 0.07209213615023474
3 0.6921487603305785 0.2123180751173709 0.11363636363636363 0.07741784037558684
3 0.8428021694214876 0.38374413145539904 0.07575671487603305 0.11670481220657278
4 0.2767742768595042 0.8521244131455399 0.09900051652892562 0.1657130281690141
4 0.4889798553719008 0.89418720657277 0.13257489669421488 0.13246772300469484
4 0.7483212809917356 0.6936355633802817 0.13558884297520662 0.10108274647887325
4 0.42075671487603306 0.4882012910798122 0.06930010330578512 0.14209213615023475
4 0.3561905991735537 0.4691226525821596 0.1002918388429752 0.12740903755868543
6 0.4734839876033058 0.39819542253521123 0.07403667355371901 0.10879401408450703
6 0.4112861570247934 0.13259096244131455 0.06069214876033058 0.10575704225352113
8 0.4336699380165289 0.22039319248826292 0.12095299586776859 0.09649647887323944