1 0.4485986775178027 0.3957563694267516 0.08336215666327568 0.11918789808917196
1 0.6637843336724313 0.6096616242038216 0.07121057985757884 0.13033041401273884
1 0.3484231943031536 0.6791202229299363 0.06442777212614446 0.10470143312101911
1 0.7239750762970498 0.3015246815286624 0.05256103763987792 0.11118630573248409
2 0.29331892166836215 0.26326035031847134 0.08307985757884029 0.14877786624203823
2 0.5171236012207527 0.4534912420382166 0.08646998982706001 0.12053742038216561
2 0.5182553407934893 0.6295740445859873 0.09890386571719227 0.1329936305732484
2 0.6762182095625635 0.458359872611465 0.08929552390640895 0.14089171974522294
4 0.8853280773143439 0.6419585987261146 0.1514649033570702 0.12061305732484078
4 0.8683723296032554 0.46521894904458605 0.1616378433367243 0.1519546178343949
4 0.7116810783316379 0.1637141719745223 0.1347914547304171 0.11953821656050954
6 0.639766022380468 0.8193670382165605 0.1452466937945066 0.16757563694267516