1 0.8588145363408521 0.625356591540599 0.05847869674185464 0.09191725841309047
1 0.9277368421052632 0.5633374498301945 0.06599749373433583 0.08211485026242668
2 0.27276441102756893 0.15134918184624885 0.07769423558897243 0.07629206545230009
2 0.7715112781954887 0.28001852423587525 0.07435338345864662 0.0989873417721519
2 0.3845012531328321 0.3559308428527323 0.08312531328320802 0.09335597406606977
2 0.2195062656641604 0.22314603272615005 0.07059398496240601 0.09947823402284656
3 0.17042606516290726 0.3826921889472059 0.11027568922305764 0.09130595862920655
3 0.41102756892230574 0.6984377894411855 0.11528822055137844 0.1022383451682618
3 0.5365488721804511 0.48690953998147574 0.12322556390977445 0.09289286816918801
4 0.6223884711779448 0.31038283420808893 0.13701002506265664 0.09796850879901203
4 0.37322556390977446 0.2787280024698981 0.11737593984962405 0.07479777709169497
6 0.6301177944862155 0.5280858289595555 0.07476942355889724 0.1134949058351343
6 0.7134511278195489 0.5278295770299476 0.08354135338345864 0.11606668724915097
6 0.40434335839598995 0.5785211485026243 0.09189724310776942 0.10322012966965112
6 0.13283208020050125 0.46709786971287437 0.10526315789473684 0.1181012658227848
8 0.2758972431077694 0.4122877431305959 0.13491979949874688 0.1288885458474838
8 0.38638345864661655 0.4647823402284656 0.13116040100250628 0.10420500154368632
8 0.645781954887218 0.6608737264587836 0.1487042606516291 0.156776782957703
8 0.11152882205513784 0.7535165174436554 0.12280701754385964 0.1938684779252856
8 0.6157067669172932 0.21028095091077495 0.12364160401002505 0.1046217968508799
0 0.29699248120300753 0.6660203766594627 0.09273182957393483 0.154720592775548
0 0.2257719298245614 0.3057517752392714 0.09816290726817042 0.10723062673664711
0 0.25772681704260647 0.914084594010497 0.12949122807017543 0.11364618709478234
12 0.9467418546365914 0.39066687249150966 0.07644110275689223 0.07329731398579808