1 0.373359565807327 0.9185680682152308 0.05744097693351424 0.0778506321670097
1 0.5495251017639078 0.7850044104675096 0.07598371777476255 0.07240811526021758
1 0.6852103120759837 0.8693090267568362 0.07055630936227951 0.0645986474566304
1 0.6680244233378562 0.42131431931784774 0.057891451831750346 0.07422522787415466
2 0.2826784260515604 0.2992678623934137 0.06874626865671642 0.08888268156424582
2 0.5890990502035278 0.10345486621581888 0.07100949796472185 0.09419876506909733
2 0.67480868385346 0.15296089385474862 0.07145997286295794 0.10500147015583652
2 0.7711451831750339 0.7041340782122906 0.10673812754409769 0.11060864451631873
2 0.5011316146540027 0.9097500735077918 0.10402442333785616 0.12490149955895326
3 0.21008683853459972 0.8318171126139371 0.1270909090909091 0.13369597177300793
4 0.5350529172320218 0.22501617171420168 0.11759294436906377 0.13738018229932372
4 0.14835006784260515 0.6553690091149661 0.0931696065128901 0.17479858865039694
4 0.7064667571234735 0.055665980593942954 0.14563636363636362 0.10741252572772714
7 0.5691994572591588 0.47401058512202293 0.11261872455902307 0.13551602469861804
8 0.3043880597014926 0.4683769479564834 0.13387516960651288 0.16247280211702442