1 0.25406085066749456 0.1827214611872146 0.07037255510710959 0.07218873668188737
1 0.26130704750077616 0.3032420091324201 0.07244023595156784 0.08492237442922375
1 0.5197671530580565 0.6016255707762557 0.052260167649798205 0.07894977168949772
2 0.8268643278484943 0.3562739726027397 0.07968643278484944 0.10270319634703196
2 0.18472524060850667 0.5394642313546424 0.08692952499223844 0.10378995433789955
2 0.11927041291524372 0.3846910197869102 0.09572493014591742 0.11083409436834094
2 0.8191027631170443 0.749296803652968 0.09520956224774915 0.08205175038051751
2 0.8571344303011487 0.6762222222222222 0.10607575287177895 0.08811263318112633
3 0.38135051226327227 0.11726331811263317 0.07658180689226948 0.11783257229832572
4 0.5288202421608196 0.14568036529680364 0.11694194349580876 0.1259634703196347
4 0.6545575908103073 0.46842313546423137 0.11383731760322882 0.13826788432267884
4 0.7616671841043154 0.5808249619482496 0.13556969885128842 0.13476103500761036
4 0.9011176653213288 0.8637351598173516 0.0946910897236883 0.1556773211567732
6 0.16014591741695128 0.25173820395738206 0.09676187519403913 0.10672146118721461
7 0.5143340577460416 0.5074946727549466 0.12521887612542687 0.10682191780821919
8 0.6054020490530891 0.2877686453576865 0.09003415088481838 0.13616742770167428