1 0.7976328029375764 0.2835801781737194 0.06038433292533659 0.06790367483296214
1 0.7817209302325582 0.20561247216035633 0.04814443084455324 0.062305122494432076
2 0.5104039167686658 0.15131681514476614 0.07343941248470012 0.07063752783964365
2 0.07792656058751529 0.4599359688195991 0.07996817625458996 0.08653674832962137
2 0.10750795593635251 0.5450918708240534 0.09751040391676866 0.07589643652561247
2 0.34985801713586295 0.4796575723830735 0.06323867809057528 0.08979120267260578
3 0.5361077111383109 0.4422995545657016 0.09547123623011015 0.09581013363028952
3 0.6340269277845777 0.6416258351893095 0.10526315789473684 0.11305957683741648
3 0.21889106487148102 0.6820016703786191 0.13423011015911873 0.12142817371937639
4 0.4463476132190942 0.2705902004454343 0.10689596083231334 0.11430679287305122
6 0.2876376988984088 0.7618234966592428 0.07343941248470012 0.10289810690423162
6 0.6228078335373317 0.38475501113585747 0.07547858017135863 0.10878340757238307
6 0.6719706242350061 0.3186219376391982 0.07343941248470012 0.09622772828507795
6 0.5475324357405141 0.5819905345211582 0.07915055079559363 0.1079315144766147
8 0.37209302325581395 0.21675668151447663 0.1003671970624235 0.12356904231625836
8 0.33272215422276624 0.595684855233853 0.08282252141982864 0.1548106904231626
8 0.4396156670746634 0.5344265033407573 0.1154638922888617 0.15478563474387527
8 0.7209302325581395 0.4492650334075724 0.12729498164014688 0.13758073496659243
0 0.5469204406364749 0.7177366369710468 0.10975030599755202 0.12051503340757239
0 0.19848959608323136 0.585239420935412 0.11301591187270502 0.10329064587973273
0 0.722969400244798 0.8766842984409801 0.10689596083231334 0.1071185968819599
12 0.6789057527539779 0.10073218262806236 0.057936352509179924 0.08639476614699332