1 0.6099344923154447 0.5117980975759435 0.05836986646510456 0.08363608468855477
1 0.22087931468883848 0.6097514575023013 0.06886621315192744 0.09236882479288125
1 0.07264550264550264 0.5222859772936483 0.07978584026203074 0.08926664621049402
2 0.5102040816326531 0.11870819269714636 0.07306626354245402 0.09217858238723535
2 0.3695313681027967 0.8258637618901503 0.11421768707482993 0.10421908560908254
2 0.1541118669690098 0.8708745013807916 0.11673721340388006 0.09605093586989874
2 0.7869312169312169 0.2348204970849954 0.0772663139329806 0.09733967474685487
2 0.8314436885865457 0.3394231359312673 0.10078105316200554 0.08868364528996624
3 0.09574200050390527 0.37855783982816815 0.09070294784580499 0.15161399202209266
4 0.6290425799949609 0.2834151580239337 0.1293348450491308 0.12088677508438173
4 0.5102040816326531 0.31000920527769255 0.1385739480977576 0.08202209266646211
4 0.9099697656840514 0.2844400122737036 0.12177626606198035 0.14748389076403803
6 0.11421768707482993 0.696201288738877 0.11757873519778282 0.13639153114452285
7 0.49907533383723857 0.49006750536974536 0.11883849836230789 0.15984044185332924
8 0.3682716049382716 0.20975759435409636 0.1318543713781809 0.10858238723534827