1 0.7249845583693638 0.6402069336199946 0.0849289684990735 0.07016662187583982
1 0.6580697961704756 0.8561435098091911 0.06845892526250771 0.08279494759473259
1 0.5865256331068561 0.3257135178715399 0.06125077208153181 0.05391561408223596
2 0.40045398394070414 0.1498763773179253 0.07514823965410748 0.07042192958882021
2 0.2998239654107474 0.15144316044074174 0.062282273008029646 0.07624563289438323
2 0.8714237183446573 0.4634748723461435 0.07823656578134651 0.08488040849234076
2 0.9228937615812229 0.6258720773985488 0.08853304508956146 0.08449610319806504
2 0.12482087708462014 0.43905939263638805 0.08286905497220506 0.08173609244826659
3 0.4179524397776405 0.8836979306638 0.0916213712168005 0.1352217145928514
4 0.22724830142063004 0.777301800591239 0.12096046942557134 0.15623488309594197
4 0.33122297714638665 0.2603117441547971 0.06948733786287832 0.11123353937113678
4 0.385012353304509 0.3745498521902714 0.08132489190858554 0.12471647406611126
8 0.2645676343421865 0.5385192152647138 0.09985484867201976 0.15166084385917766
7 0.5214113650401482 0.40658156409567325 0.11735639283508338 0.10546627250739049
6 0.7803180975911056 0.7618435904326795 0.12456145768993206 0.11725342649825315
5 0.43390982087708463 0.5232921257726418 0.055589870290302656 0.19108035474334856
4 0.3796077825818407 0.07484009674818598 0.09831068560840024 0.10040849234076861
13 0.09110562075355158 0.5799570008062349 0.09882643607164916 0.13510077936038697
14 0.5077733168622607 0.6984493415748454 0.1353705991352687 0.1436495565708143
14 0.5973347745521927 0.5519537758667026 0.1291939468807906 0.13015318462778824
10 0.21463866584311303 0.2150577801666219 0.07103150092649783 0.11747917226552002
10 0.3268468190240889 0.704243482934695 0.06279493514515133 0.15650362805697393
10 0.8693638048177887 0.2979387261488847 0.05867819641754169 0.12199140016124697
10 0.10345892526250772 0.31182746573501746 0.08338480543545398 0.13364418167159367
19 0.07566399011735639 0.7822198333781242 0.10809141445336627 0.1069470572426767
19 0.6120043236565782 0.16129535071217413 0.0689715873996294 0.07982531577532921
17 0.5268159357628165 0.11919376511690405 0.1611087090796788 0.1837436173071755
17 0.7545799876466954 0.45833378124160173 0.1255929586164299 0.2492824509540446
15 0.7458307597282273 0.2233512496640688 0.16368128474366894 0.16900026874496105