1 0.5821825074465204 0.21904298459042984 0.06498781478472786 0.07762908894295754
1 0.6381451394530192 0.15279805352798054 0.05776604386677498 0.08571505812381724
2 0.5275737882480368 0.17262773722627736 0.06408610885458976 0.09293322519599892
2 0.1387760628215543 0.3470316301703163 0.06904955320877336 0.09029737766964044
2 0.5226103438938532 0.7476696404433631 0.06498781478472786 0.0967639902676399
2 0.7110289737340915 0.8186482833198161 0.06544002166260493 0.09543930792105974
2 0.8082859463850528 0.31999188969991893 0.08394259409694016 0.09569613409029468
2 0.6304711616571893 0.2778588807785888 0.05867045762252911 0.08981075966477425
2 0.29808556728946656 0.4817788591511219 0.08981045220687787 0.089448499594485
2 0.8949363660980233 0.5281995133819951 0.06769564040075819 0.11740740740740742
3 0.3294530192255619 0.18615031089483647 0.07401299756295694 0.11997837253311706
4 0.5839886271324127 0.497558799675588 0.06318169509883564 0.15885644768856447
4 0.3039534253994043 0.6404109218707759 0.1990251827782291 0.08230062178967289
4 0.5065881397238018 0.6437956204379562 0.16021391822366637 0.1242146526088132
4 0.45107771459518003 0.09398756420654232 0.11418088275115083 0.11137875101378751
4 0.8064798266991605 0.6365882670992159 0.09116436501489304 0.16386861313868611
6 0.6422068778770648 0.3979589078129224 0.09296777687516923 0.10023249526899161
6 0.47070945031139994 0.4657826439578265 0.10741131871107501 0.10341443633414435
8 0.3948903330625507 0.3984103811841038 0.13990522610343892 0.12817247904839146
8 0.5370511779041429 0.3490646120573128 0.09387219063092338 0.14032170856988374
4 0.6085838072028161 0.881522032981887 0.09883563498510696 0.1644147066774804
3 0.4409233685350663 0.20935658286023248 0.10199566747901435 0.09880778588807786