1 0.5975964078182778 0.8144724501758499 0.0462229265715795 0.0599736225087925
1 0.6920232435287903 0.8362133645955451 0.05810882197569995 0.07121922626025791
2 0.5850501848917062 0.12021981242672919 0.06075013206550449 0.0841295427901524
2 0.6594479661912309 0.09823563892145369 0.05634706814580032 0.08118991793669401
2 0.8654701531959852 0.5530920281359907 0.07747754886423666 0.10579425556858149
2 0.5524749075541469 0.2985463071512309 0.09068409931325937 0.08322098475967174
3 0.42635235076597994 0.1500263774912075 0.05766772319070259 0.10856975381008206
3 0.3158557844690967 0.4568464243845252 0.053267300581088216 0.1301875732708089
3 0.5524749075541469 0.4839624853458382 0.0801188589540412 0.1111430246189918
4 0.7184363444268357 0.44512309495896835 0.07923930269413629 0.1477696365767878
4 0.5830692023243529 0.2435873388042204 0.09640781827786582 0.11691090269636577
6 0.3521737982039091 0.1891090269636577 0.07571843634442683 0.08708675263774912
6 0.38783148441627047 0.4333939038686987 0.08364236661384047 0.095
6 0.5634786053882725 0.634194021101993 0.0915662968832541 0.09800996483001173
6 0.5443291072371896 0.5530920281359907 0.07175647120972002 0.08820633059788979
8 0.46178816693079766 0.26434935521688163 0.12590332805071316 0.11447538100820633
8 0.460689381933439 0.3637778429073857 0.11577654516640253 0.1404103165298945
8 0.7890913893291073 0.3965123094958969 0.10697305863708399 0.14726260257913246
8 0.4463814051769678 0.6268728018757327 0.12150026413100898 0.153704572098476
8 0.15429741151611198 0.30685814771395076 0.11049392498679345 0.14087631887456037
21 0.29890913893291077 0.6647391559202814 0.14351030110935026 0.19133939038686987
21 0.7862308505018489 0.6139273153575615 0.1461516111991548 0.17177608440797187
21 0.5846090861067089 0.3820955451348183 0.1285446381405177 0.11550117233294255
21 0.6477812995245642 0.21082942555685816 0.13338615953512942 0.11859026963657679
12 0.8700924458531432 0.7856506447831184 0.11049392498679345 0.10783997655334114