1 0.37825346630990025 0.2857607555089192 0.05594745803940647 0.07717383700594613
1 0.5197445876915593 0.5872053165442462 0.05675747993189005 0.09245190626093039
2 0.627584529311603 0.1676880027981812 0.07783994162004379 0.08237495627841902
2 0.7508319143760642 0.21550192374956278 0.05675747993189005 0.10105281566981462
2 0.6776526392605206 0.3201643931444561 0.04905619070785697 0.11100384749912558
2 0.7899537825346631 0.4740923399790137 0.07905619070785697 0.09707240293809023
2 0.2618997810751642 0.5936236446309899 0.06162247628314279 0.11927597061909759
2 0.43035027973729023 0.8647499125568381 0.06527122354658234 0.12287862889122071
2 0.3146022865482851 0.23620146904512065 0.06000243249817562 0.11796782091640433
2 0.33649477012892237 0.4058726827562085 0.08919241060569205 0.09354669464847848
3 0.15507175869618098 0.49071353620146907 0.09365117976161517 0.12681357117873382
3 0.2128435903673072 0.23649178034277718 0.09000243249817563 0.1010598111227702
4 0.4846752614935539 0.09218258132214062 0.12040865969350523 0.10974816369359916
4 0.15122111408416442 0.3440678558936691 0.122434930673802 0.1028506470793984
4 0.8639430795426903 0.2534067855893669 0.0835149598637801 0.15587618048268626
4 0.5771101921673559 0.44144456103532703 0.11067866699099976 0.13670863938440014
4 0.6150158112381415 0.5128471493529206 0.13216492337630747 0.11573277369709689
4 0.7411019216735588 0.11142707240293809 0.07621746533690099 0.14124169289961525
6 0.3034541474093894 0.8425953130465198 0.09365117976161517 0.14852395942637286
6 0.4808246168815374 0.47292759706190973 0.07135246898564826 0.1157292759706191
8 0.3589953782534663 0.520748513466247 0.12689613232790076 0.14605456453305352
8 0.369739722695208 0.7149073102483386 0.1459498905375821 0.16596712137110878