1 0.6327090724784592 0.5970729872084274 0.06419918905220477 0.08470654627539503
1 0.4824860618347694 0.2876711813393529 0.052655854029396855 0.07789315274642589
2 0.5479523568170298 0.09576373212942062 0.07377344145970603 0.09537998495109105
2 0.7216877850988344 0.27032355154251314 0.052937151545869233 0.10589917231000753
2 0.7067638114546376 0.6518472535741159 0.07377344145970603 0.13406320541760722
2 0.6676229092752154 0.46578630549285177 0.07996958945767867 0.09803235515425131
2 0.29903699949315765 0.4923401053423627 0.06926761277242777 0.10849510910458991
2 0.3335301571211353 0.7216704288939052 0.08926001013684745 0.1031489841986456
2 0.19414850481500254 0.6238337095560572 0.0909503294475418 0.12318284424379233
2 0.22399645210339583 0.358961625282167 0.06617080587937152 0.08753950338600451
3 0.8403725291434364 0.3901128668171558 0.10615560060821085 0.13730624529721594
4 0.07574505828687278 0.5937358916478556 0.12614799797263052 0.18337848006019564
3 0.8431880385200202 0.6798607975921745 0.11516472377090725 0.11484198645598194
4 0.1681018753167765 0.8119902182091798 0.08109477952356817 0.20353273137697517
4 0.38562341611758744 0.3409819413092551 0.12248606183476939 0.10676448457486831
4 0.42053725291434363 0.4093453724604966 0.1146021287379625 0.13563957863054926
6 0.5168373035985808 0.3671181339352897 0.06729853015712113 0.12642588412340106
6 0.6677648251393816 0.10830699774266365 0.07518246325392804 0.12047027840481564
8 0.632567156614293 0.33659518434913466 0.11967055245818552 0.130594431903687
8 0.6214445007602635 0.18733258088788562 0.10249366447034972 0.14809631301730625
8 0.756885453623923 0.5389653875094056 0.0963000506842372 0.18419112114371708
4 0.49726811961479983 0.8813920240782542 0.1447313735428282 0.1617456734386757
4 0.8831728332488596 0.5531715575620767 0.12417638114546375 0.1122836719337848