1 0.8456449343339587 0.579901933314654 0.054331613508442775 0.08013449145418886
1 0.9025164165103189 0.518946483608854 0.06253986866791746 0.07310451106752593
2 0.23295731707317074 0.19713365088260018 0.06488508442776736 0.09072849537685626
2 0.2568011257035647 0.12403754553096105 0.06566604127579738 0.0930344634351359
2 0.38422373358348966 0.3318856822639395 0.06723030018761726 0.08284113196973943
2 0.7455839587242027 0.24150462314373772 0.08403611632270168 0.06739142616979546
3 0.4094348030018762 0.6525357242925189 0.11530722326454035 0.11052395629027738
3 0.1543925891181989 0.350568786775007 0.10944418386491557 0.09779490053236199
3 0.553079268292683 0.4444494256094144 0.10944418386491557 0.07821238442140656
4 0.3437687617260788 0.27233398711123563 0.12937851782363977 0.08982347996637713
4 0.599594277673546 0.2844774446623704 0.12273217636022515 0.0860913421126366
6 0.6883208255159474 0.5159148220790137 0.08911819887429644 0.10906976744186046
6 0.6117096622889305 0.4825189128607453 0.08599202626641651 0.10671896889885121
6 0.14227720450281425 0.44071448585037826 0.1086608818011257 0.109971980947044
8 0.586890243902439 0.2083440739702998 0.12781425891181988 0.1019417203698515
8 0.3836374296435272 0.44982347996637717 0.13406894934333957 0.11418044270103671
8 0.62187382739212 0.6193723732137854 0.1438391181988743 0.11144578313253012
8 0.29041510318949343 0.3933090501541048 0.1328963414634146 0.13564303726534044
0 0.2616862101313321 0.6863967497898571 0.11999765478424015 0.09699075371252452
0 0.21712711069418386 0.28984869711403755 0.11999765478424015 0.09963855421686747
12 0.9095520637898686 0.36481367329784253 0.09537288930581614 0.1010703278229196
6 0.41549484052532837 0.5577164471840852 0.07348264540337711 0.1058167553936677