1 0.265164160785517 0.2580280848521064 0.07006136851795029 0.08482521661189125
1 0.37997238416692236 0.5239916342993726 0.08182571340902117 0.09090528831789663
1 0.6423227984044185 0.6099043919928294 0.07262043571647744 0.080478040035853
1 0.589392451672292 0.31281446071108454 0.06801779687020558 0.08683896026292201
2 0.45745013807916535 0.31406035255452647 0.09870205584535134 0.11024798326859875
2 0.4592420988033139 0.442061547654616 0.0930745627493096 0.11527636689572751
2 0.6103620742559067 0.46022109351658197 0.11097575943540965 0.1083417986256349
2 0.18180423442773858 0.7269524947714372 0.13040810064436945 0.12335823125186735
4 0.45489413930653577 0.1591694054377054 0.0874501380791654 0.15301762772632208
4 0.6152193924516723 0.16091425156856887 0.10432648051549555 0.1654705706602928
4 0.15597729364835838 0.23263519569763969 0.13705737956428352 0.17745144905885865
3 0.2930346732126419 0.39073797430534807 0.1104633323105247 0.14273677920525843
6 0.7535532371893219 0.3668568867642665 0.11404418533292421 0.1262055572154168