1 0.27093781094527364 0.5688309297330469 0.06426119402985074 0.09030684258975145
1 0.102818407960199 0.5923596195151887 0.05887313432835821 0.08213255599877263
2 0.39738805970149255 0.09850260816201288 0.06840796019900497 0.08552009818962872
2 0.6762014925373134 0.14837680270021478 0.07131094527363184 0.09628106781221232
2 0.7678283582089552 0.29287511506597114 0.07048009950248756 0.07741331696839521
2 0.22512437810945274 0.27522859772936487 0.0945273631840796 0.08610003068425898
2 0.2676194029850746 0.44683645289966245 0.10240547263681593 0.08872660325253146
2 0.6463507462686567 0.8718993556305615 0.11111194029850746 0.10628413623810985
2 0.6330845771144279 0.585455661245781 0.0845771144278607 0.07752684872660325
2 0.22346517412935324 0.6424884934028843 0.0862363184079602 0.08624424670144216
3 0.3126044776119403 0.8813623810984965 0.12520646766169155 0.10168149739183799
3 0.361318407960199 0.7488830929733047 0.11567164179104478 0.11288432034366369
4 0.5080845771144279 0.3898097575943541 0.1256218905472637 0.12501994476833383
4 0.6496691542288557 0.3151273396747469 0.13764427860696518 0.09839214482970238
4 0.7723880597014925 0.20796563362994783 0.12935323383084577 0.10193003988953667
4 0.756634328358209 0.4839306535747162 0.07296766169154228 0.1782540656643142
4 0.19838308457711443 0.7785578398281682 0.09825870646766169 0.17836759742252223
4 0.4890124378109453 0.14837680270021478 0.1272810945273632 0.09014421601718317
6 0.5174129353233831 0.4880147284443081 0.10696517412935323 0.10664314206811906
6 0.3789378109452736 0.3736943847806075 0.09369900497512439 0.1142712488493403
8 0.38391293532338305 0.49262043571647746 0.13349999999999998 0.10357778459650199
8 0.47346517412935324 0.5729303467321264 0.14842537313432835 0.15373427431727524
8 0.40298507462686567 0.6545136544952439 0.1517412935323383 0.13586376189015034