1 0.33760364004044485 0.3148867228661749 0.08875294910684192 0.07304531085353003
1 0.3384462419952814 0.5963777660695468 0.08032692955847658 0.07754741833508957
1 0.5777451971688574 0.3897629083245521 0.12751263902932256 0.09371443624868282
1 0.6909336029659588 0.6633482613277134 0.12807549713515334 0.07713382507903056
2 0.34771486349848335 0.4659536354056902 0.11571621166161104 0.10648050579557429
2 0.5128648466464443 0.6143835616438356 0.12245702730030333 0.09248419388830348
2 0.7341860465116279 0.23474710221285564 0.11347152005392654 0.10682824025289778
2 0.5196056622851365 0.46222339304531085 0.11571621166161104 0.11218651211801897
3 0.6577923828783283 0.5052608008429926 0.10897539602291877 0.12449947312961013
4 0.31625547691270645 0.8256243414120127 0.13369396697000338 0.19884088514225498
4 0.4937647455342096 0.8210089567966281 0.1381867205931918 0.1711722866174921
4 0.8746208291203236 0.65695468914647 0.11796427367711493 0.1859167544783983
6 0.15251095382541288 0.5568598524762909 0.1263902932254803 0.11968914646996838