1 0.7166968808317782 0.44368757612667475 0.07375899760063984 0.0763733252131547
1 0.3456864836043722 0.8726187576126674 0.05687283391095708 0.06943361753958588
1 0.5025326579578779 0.7972381242387333 0.061316982138096505 0.06788063337393423
2 0.3670141295654492 0.20739951278928137 0.07820047987203411 0.11841352009744215
2 0.6687096774193548 0.13836175395858707 0.06309517462010131 0.09605054811205847
2 0.7502452679285524 0.1594305724725944 0.06886963476406291 0.11686967113276492
2 0.7771260997067448 0.7830298416565163 0.09864036256998134 0.11254567600487211
2 0.6476059717408691 0.9053623629719854 0.09819514796054385 0.10751827040194883
3 0.21994134897360704 0.7386144945188795 0.1306318315115969 0.11811205846528623
4 0.5394108237803252 0.3513093788063337 0.10841642228739003 0.15349269183922046
4 0.6091708877632631 0.23354445797807552 0.08264462809917356 0.14938794153471377
4 0.20439082911223672 0.5609531059683314 0.12618768328445748 0.14037758830694275
4 0.8100053319114903 0.08684226552984166 0.12707811250333245 0.11176613885505482
6 0.4825379898693682 0.9294762484774666 0.0959744068248467 0.12834043848964677
7 0.6225006664889363 0.4756729598051157 0.09864036256998134 0.1342539585870889
8 0.35479338842975205 0.4414068209500609 0.15240469208211144 0.1174878197320341