1 0.6852409638554217 0.18646530359355637 0.06626506024096386 0.06830235439900867
1 0.5953825301204819 0.2453376703841388 0.0732921686746988 0.0807187112763321
2 0.17344277108433737 0.2892348203221809 0.06375602409638553 0.08796778190830234
2 0.28012048192771083 0.44699814126394055 0.08734939759036145 0.09061028500619579
2 0.41214759036144577 0.7452292441140025 0.06827409638554216 0.09537484510532838
2 0.5602409638554217 0.8521313506815366 0.07530120481927711 0.11710656753407682
2 0.8202801204819277 0.6150929368029739 0.07731024096385543 0.09532527881040892
2 0.7906626506024096 0.3925185873605948 0.09036144578313253 0.09627013630731103
2 0.6325301204819277 0.316861833952912 0.0572289156626506 0.09675650557620817
3 0.3805210843373494 0.17045848822800497 0.07731024096385543 0.11064126394052044
3 0.4784126506024096 0.20815675340768275 0.11044277108433735 0.08690210656753407
4 0.5140572289156626 0.09351301115241636 0.11546084337349397 0.1116449814126394
4 0.6947801204819277 0.7028903345724906 0.12148493975903614 0.15319702602230484
4 0.5326295180722891 0.5216263940520446 0.08032228915662651 0.14383209417596035
4 0.2545180722891566 0.5985656753407683 0.15060240963855423 0.08705390334572491
6 0.4327319277108434 0.6388475836431227 0.13353313253012047 0.0994640644361834
6 0.43323192771084335 0.46068463444857494 0.08634638554216868 0.0900991325898389
6 0.6111957831325301 0.4348636926889715 0.08985843373493975 0.09421933085501859
8 0.5291174698795181 0.37444857496902106 0.1094367469879518 0.1406753407682776
8 0.38604518072289157 0.3987174721189591 0.13052108433734938 0.08800495662949194
8 0.3755030120481928 0.29440210656753407 0.08534036144578312 0.14167596034696406