1 0.6891071854857962 0.3097186963979417 0.05570064454523753 0.08999313893653516
1 0.823585581284316 0.3203018867924528 0.057292910002387204 0.10086449399656947
2 0.3743924564335163 0.25796569468267583 0.08037001671043209 0.0928336192109777
2 0.41895440439245646 0.09784219554030874 0.0692289329195512 0.09506003430531733
2 0.6978586774886607 0.39836020583190396 0.07798281212699928 0.09574957118353346
2 0.7627118644067796 0.5733550600343053 0.09310097875387921 0.10496740994854203
2 0.6105275722129386 0.7812246998284734 0.08713296729529721 0.11019554030874787
2 0.25602769157316785 0.7646415094339623 0.10384339937932681 0.10446998284734133
2 0.24070899976127955 0.5622024013722127 0.08514442587729769 0.12040137221269298
2 0.7420219622821675 0.25567753001715265 0.07082119837670088 0.09512178387650085
3 0.6240558605872524 0.12357804459691253 0.07599188350441632 0.11222641509433962
3 0.6602602052995942 0.21250428816466554 0.09588684650274529 0.10825728987993138
4 0.48201718787300074 0.4872898799313894 0.12612317975650514 0.14667924528301887
4 0.33062783480544283 0.4978696397941681 0.1360706612556696 0.13009948542024014
4 0.16750298400572927 0.6971629502572899 0.16312485079971353 0.10673070325900515
4 0.7714657436142277 0.15045283018867925 0.12015516829792312 0.08364322469982848
6 0.4607304846025304 0.3794922813036021 0.10026259250417761 0.12662092624356777
6 0.5971998090236333 0.4752761578044597 0.07718548579613273 0.10206861063464837
8 0.47505371210312725 0.2899965694682676 0.11936022917164 0.1500343053173242
8 0.5403031749820959 0.21536535162950257 0.1209524946287897 0.13456260720411664
8 0.5832728574838864 0.3651938250428816 0.1352757221293865 0.132336192109777
4 0.4607304846025304 0.7509193825042881 0.1384578658391024 0.13191423670668953