1 0.6843738465594515 0.8008500448967375 0.06371473767466385 0.08019754564501647
1 0.5786976008436594 0.8148189164920683 0.06063801740047456 0.07222089194851841
2 0.5259688900606381 0.12776713558814726 0.05009227524387029 0.09290930859024245
2 0.6292301608225679 0.10032325651002694 0.08788030582652254 0.08591140377132594
2 0.8570603743738465 0.5399012271774918 0.08216978644872133 0.0910745285842562
3 0.39722383337727396 0.17516911104459743 0.08788030582652254 0.0979167913798264
2 0.5145452148694964 0.3111313977850943 0.0746981281307672 0.08549536067045795
3 0.5132269970999209 0.48651601316970966 0.05624307935670973 0.12198742891349895
4 0.7228236224624308 0.4485962286740497 0.09578961244397574 0.1419305597126609
3 0.27704455576061165 0.48252319664771026 0.0927155286053256 0.11400179586950014
4 0.5354152385974162 0.24003292427416942 0.11380701291853415 0.1198952409458246
6 0.36580543105721064 0.45782400478898533 0.0856841550224097 0.10351691110445975
6 0.5406881096757185 0.6436815324753068 0.08744265752702347 0.09510625561209218
6 0.5663933561824414 0.560107752170009 0.088760875296599 0.10455252918287938
8 0.41787503295544426 0.27296318467524694 0.13445821249670445 0.1079347500748279
8 0.4207302926443448 0.3687638431607303 0.14280780384919586 0.11994612391499551
8 0.7935670972844714 0.39870398084405867 0.12127603480094912 0.1498952409458246
8 0.4055707882942262 0.608263992816522 0.12039810176641182 0.16195151152349596
8 0.0907382019509623 0.34231966477102665 0.12083575006591088 0.1448817719245735
0 0.46620880569470075 0.17666267584555523 0.088760875296599 0.08893744387907812
0 0.23771948325863432 0.3595300808141275 0.08524387028737147 0.10447470817120623
12 0.9007830213551279 0.7287548638132295 0.09315317690482468 0.11859024244238252
6 0.34185868705510153 0.2185782699790482 0.09315317690482468 0.10092786590841066