1 0.5984737550471063 0.37409973126306356 0.04486406460296097 0.06938787697820245
1 0.4104979811574697 0.6072977008062108 0.05114401076716016 0.06101821439235593
1 0.3914320323014805 0.6839534189310241 0.08030417227456257 0.07697521648253211
2 0.22117631224764467 0.2611107793371156 0.0762664872139973 0.10617796357121528
2 0.20569851951547777 0.39276799044490895 0.06953701211305517 0.09179456554195282
2 0.5437415881561238 0.6048103911615408 0.08075370121130551 0.08590325470289639
2 0.8165087483176312 0.37136160047775457 0.07178196500672948 0.08481636309346074
2 0.342306864064603 0.28375634517766496 0.06011574697173621 0.08279187817258883
2 0.7245410497981157 0.5901283965362795 0.0708829071332436 0.08938190504628246
2 0.4226110363391655 0.19017915795759927 0.06998654104979811 0.08673932517169304
3 0.6913405114401077 0.7598656315318005 0.08524091520861374 0.12429381905046283
3 0.43090982503364733 0.8327888922066289 0.10004576043068641 0.12979695431472082
4 0.4717362045760431 0.36290235891310835 0.1063257065948856 0.10372947148402507
4 0.5053835800807537 0.3096446700507614 0.09825033647375504 0.1106778142729173
4 0.5679676985195155 0.8439922364885041 0.11843876177658143 0.15518662287249926
6 0.8692247644683715 0.4835891310839056 0.08927860026917901 0.10578083009853688
4 0.20681830417227456 0.1697700806210809 0.13907671601615074 0.09369961182442521
8 0.6235989232839839 0.5271663183039713 0.12202691790040376 0.13365780830098536
8 0.7438304172274562 0.45748283069573004 0.10946702557200538 0.16150492684383397
4 0.14759892328398386 0.5739593908629442 0.12292597577388964 0.16752463421916988
4 0.10565275908479138 0.30043296506419825 0.1117092866756393 0.10719020603165125
8 0.5002234185733513 0.7026216781128695 0.12830955585464335 0.09938190504628247
6 0.5325248990578735 0.42761122723200956 0.07447375504710634 0.11370856972230517