1 0.41479530703944084 0.3528938615058966 0.05075636545182227 0.08790444511641972
1 0.7457563654518222 0.25661324463259755 0.05616575137294059 0.09492289083761718
1 0.8980279580629057 0.31609313577260356 0.05616575137294059 0.074783791956456
2 0.6028457314028957 0.11698215905654673 0.08736894658012981 0.08176292712428182
2 0.754700449326011 0.08774720290293317 0.08154518222666002 0.08376776534623526
2 0.5086120818771842 0.8040459631085576 0.09111333000499251 0.08908980949501058
2 0.20386170743884172 0.6578621106743272 0.09818522216674987 0.11121257937707892
2 0.18742636045931105 0.5378893256728152 0.10276335496754868 0.08293619594798911
3 0.9130054917623565 0.4484215300876928 0.11108337493759361 0.14288781372845477
4 0.4957139291063405 0.5492349561536135 0.14020718921617573 0.10260054429996976
4 0.3715252121817274 0.5956093135772603 0.1489440838741887 0.11673117629271242
4 0.8354143784323514 0.6250982763834291 0.1531028457314029 0.11825521620804354
4 0.08965801298052921 0.5961173268823707 0.11191462805791312 0.16008164499546415
4 0.2666824762855716 0.8196764439068642 0.13895906140788816 0.15059268218929542
6 0.8127383924113829 0.1890686422739643 0.09527458811782327 0.11707589960689448
7 0.5084048926610085 0.37180223767765347 0.09818522216674987 0.14084064106440883
8 0.6585946080878682 0.6684517689749018 0.13895906140788816 0.13843664953129725