1 0.3809792689579924 0.13400733220530175 0.05819148936170213 0.0753102086858432
1 0.3650654664484452 0.23954596728708402 0.06455810147299508 0.06923857868020304
2 0.608518821603928 0.19230400451212634 0.07410529187124933 0.11294134235758602
2 0.4605373704309874 0.23978285391990975 0.07546917621385707 0.09509588268471517
2 0.07728587015821058 0.5291342357586012 0.1054746317512275 0.1069599548787366
2 0.2984642662302237 0.5547518330513255 0.07592198581560283 0.09333615341229555
2 0.6553464266230223 0.6633474337281444 0.107746863066012 0.10748166948674563
2 0.8410611020185488 0.6170445572476029 0.08910801963993453 0.11921883812746757
2 0.3059656301145663 0.19042019176536942 0.06637479541734861 0.09225606316976875
3 0.14457174031642117 0.29878172588832486 0.0872885979268958 0.11439086294416244
4 0.18639661756683035 0.15892836999435983 0.10001909438079651 0.1477157360406091
3 0.2541380250954719 0.2630541455160744 0.09365248226950354 0.09933446136491822
4 0.8137834151663939 0.43911449520586576 0.09456355701036552 0.1666271855611957
4 0.7960529187124932 0.7230597856739989 0.09729132569558102 0.18178228990411732
4 0.3984806328423349 0.6861505922165821 0.1286606655755592 0.11642413987591652
4 0.5773786142935079 0.5784997179921039 0.09092471358428805 0.14928934010152284
4 0.5528286961265685 0.43206147772137615 0.112746863066012 0.14124083474337282
6 0.43826241134751776 0.45626621545403273 0.10183578832515003 0.09659052453468697
6 0.5325968357883252 0.3187591652566272 0.08592471358428805 0.0894839255499154
8 0.425531914893617 0.331457980823463 0.09819967266775777 0.14308234630569655
8 0.33801691216584834 0.44663564579808235 0.12229405346426622 0.15346869712351946
8 0.25231860338243317 0.3779977439368303 0.1282051282051282 0.13463620981387478