1 0.3905105496222975 0.23768115942028986 0.06208127116436572 0.08396036675539781
1 0.38855691586350616 0.11047619047619046 0.050359468611617615 0.07207926648920437
2 0.3325527481114874 0.2004584442472641 0.05817400364678302 0.08937000887311447
2 0.49275071633237827 0.21598935226264418 0.060778848658504823 0.08789707187222716
2 0.6338447512373013 0.7238331854480924 0.07206824693930712 0.11569949719018043
2 0.8257358687158114 0.6193019816622302 0.09116957541026309 0.09002661934338953
2 0.11396196926282887 0.556932860100562 0.06121385777546236 0.11021887015675835
2 0.34904923157072154 0.5483052351375333 0.054701745246157854 0.10183377698905649
2 0.673352435530086 0.14942916296953565 0.07814535035165408 0.09674652469683526
2 0.8804376139619693 0.30942324755989353 0.07554050533993227 0.10617568766637091
3 0.24529044021880697 0.3197781721384206 0.08682729877572284 0.12097308488612836
3 0.15238343318572545 0.292661934338953 0.07293566032821047 0.11997633836143153
4 0.540505339932274 0.43909790002957705 0.0989841104454285 0.134824016563147
4 0.6060614743422766 0.5897249334516415 0.07901276374055743 0.16101449275362317
4 0.421984891898932 0.6804377403135167 0.16410523573847355 0.07624667258207632
4 0.8235660328210471 0.408039041703638 0.07119822870539202 0.16143744454303463
4 0.23617348267778066 0.18837917775805973 0.12069028392810627 0.10366459627329193
6 0.44260744985673356 0.4477225672877847 0.08812972128158374 0.09587695947944395
8 0.44217244073977596 0.32545104998521146 0.08205261786923677 0.14118899733806567
8 0.36077103412346967 0.41419698314108255 0.15108101067986454 0.13530908015380066
8 0.3060692888773118 0.3441851523217983 0.11461318051575932 0.13725229222123633
6 0.558304245897369 0.3136143152913339 0.08769731700963793 0.11160307601301389