1 0.11835847159376571 0.5650833912439194 0.07583459024635496 0.07271716469770674
1 0.2710734037204625 0.5775399583043781 0.06703619909502263 0.1011049339819319
2 0.38587229763700354 0.137911744266852 0.07541478129713423 0.09745656706045866
2 0.24195575666163902 0.3024113968033357 0.11689291101055807 0.1345899930507297
2 0.7252388134741076 0.24651841556636553 0.10055304172951232 0.13746699096594858
2 0.6737053795877326 0.11532314107018762 0.07792860734037205 0.10787352328005559
2 0.6644871794871795 0.5972341904100069 0.0896606334841629 0.12659833217512162
2 0.6416540975364505 0.9013273106323836 0.10180995475113122 0.15104239054899235
2 0.2013147310206134 0.6603683113273107 0.09594519859225742 0.10692842251563586
3 0.3339190548014077 0.8654134815844335 0.12736802413273002 0.1487143849895761
2 0.2815485168426345 0.4640132036136206 0.0930115635997989 0.11032661570535093
4 0.5050703871292107 0.13501737317581652 0.12024384112619406 0.11251563585823489
4 0.759175465057818 0.1492043085476025 0.1231774761186526 0.0934120917303683
4 0.7765635997988939 0.4727102154273801 0.11521618903971845 0.1902640722724114
3 0.29579436902966316 0.7139471855455176 0.11647310206133735 0.12027102154273801
4 0.5054876822523882 0.35859972202918694 0.12108345902463549 0.15662265462126476
4 0.6558999497234792 0.32123697011813757 0.12527149321266967 0.12706740792216817
6 0.3867094017094017 0.3643884642112578 0.07709150326797386 0.11260597637248089
6 0.5387958773252891 0.4588012508686588 0.09971593765711413 0.1346525364836692
8 0.4001181498240322 0.49761292564280757 0.13909753645047765 0.1636275191104934
8 0.5283232780291603 0.5775434329395414 0.14915284062342887 0.16365879082696316
8 0.44997486173956763 0.699763724808895 0.14328808446455504 0.19266851980542044
4 0.13406988436400202 0.8384746351633079 0.16004776269482152 0.09831132731063238