1 0.7039543524416136 0.332399375975039 0.062367303609341826 0.08965678627145086
1 0.8581024416135881 0.32095475819032765 0.0654644373673036 0.07924804992199688
2 0.37951167728237795 0.12356942277691109 0.07430997876857749 0.07448985959438378
2 0.7327043524416136 0.44604680187207485 0.08271496815286625 0.08917940717628704
2 0.3627043524416136 0.31081435257410295 0.09907908704883227 0.09328861154446177
2 0.1840047770700637 0.5758159126365054 0.09200371549893843 0.08351014040561622
2 0.2545567940552017 0.7890702028081122 0.11898354564755838 0.12312324492979719
2 0.6327415074309979 0.9112948517940717 0.09509819532908705 0.0930015600624025
2 0.8291321656050955 0.6514945397815912 0.08979033970276008 0.08822152886115445
3 0.6373858811040339 0.12278939157566303 0.10173301486199575 0.08229329173166927
3 0.6075291932059448 0.2028892355694228 0.10305997876857749 0.08648361934477379
4 0.47770700636942676 0.4936411856474259 0.1326963906581741 0.11884555382215288
4 0.23730626326963905 0.385978159126365 0.06325106157112527 0.16561310452418096
4 0.13535031847133758 0.695188767550702 0.1751592356687898 0.12568486739469578
4 0.10040605095541401 0.6156131045241809 0.08404193205944799 0.16622464898595943
4 0.7479644373673036 0.19248985959438375 0.09996549893842888 0.13433073322932917
4 0.5002653927813163 0.8122121684867394 0.17250530785562632 0.09140405616224649
6 0.6236730360934183 0.5121029641185647 0.09554140127388536 0.11521060842433697
6 0.4604564755838641 0.4036599063962559 0.10881104033970276 0.11985023400936037
8 0.5042462845010616 0.32096099843993764 0.11677282377919321 0.14166302652106083
8 0.601998407643312 0.3963775351014041 0.13712048832271762 0.11152574102964119
8 0.5754591295116772 0.2671263650546022 0.13712048832271762 0.1244773790951638