1 0.38353861857774757 0.28053080920564216 0.0752330724736305 0.10489977728285078
1 0.2797618237495747 0.562279138827023 0.11039128955427016 0.10913511507052709
1 0.6239843484178292 0.4808054936896808 0.07976862878530112 0.09219005196733482
1 0.6929806056481796 0.23123236822568674 0.07939094930248385 0.10281737193763921
2 0.22645797890438923 0.20132887899034893 0.0809050697516162 0.12466963622865627
2 0.6549846886696156 0.35808463251670375 0.08733242599523648 0.13133259094283592
2 0.4595304525348758 0.49998886414253896 0.12740387887036406 0.09838530066815145
2 0.4905307927866622 0.3919116555308092 0.1122830894862198 0.11484409799554565
3 0.5264443688329363 0.21988864142538975 0.1387478734263355 0.10735337787676318
4 0.7084790745151411 0.11881959910913141 0.16483157536577067 0.09823682256867111
4 0.8470364069411365 0.3366332590942836 0.19469887716910514 0.1082219747587231
4 0.8468492684586594 0.5041165553080921 0.21473630486560055 0.12644023756495917
6 0.5946852670976522 0.6749034892353378 0.14593058863559033 0.15620638455827765