12 0.415761893262497 0.08359953366365491 0.06600579570152136 0.06421451471874089
18 0.07325042260323593 0.43852521130865635 0.10062062303791355 0.12411250364325269
18 0.6333011349915479 0.8356922180122414 0.08572808500362232 0.13372486155639754
19 0.16662641873943493 0.344992713494608 0.060371890847621346 0.06820169046925095
19 0.3046776141028737 0.4684027980180705 0.05634629316590196 0.09351501020110756
6 0.5387177010383966 0.3005392013990091 0.08250905578362715 0.09879335470708248
6 0.6139821299203091 0.2638560186534538 0.08331320936971746 0.10412416205187992
6 0.5000796908959189 0.7730399300495483 0.09699830958705627 0.11404255319148936
6 0.6427602028495533 0.4953686971728359 0.07083554696933107 0.09789857184494316
1 0.5852040569910649 0.11566598659283009 0.04266360782419705 0.07005537744097931
1 0.6584568944699348 0.14724570096181872 0.03944216372856798 0.06326726901777907
2 0.12678097078000483 0.6984610900612067 0.08210577155276504 0.11352666860973477
2 0.4165660468485873 0.5412824249489945 0.053127263945906784 0.09937336053628679
2 0.3370755856073412 0.18320314777032937 0.05111567254286404 0.10020693675313319
2 0.24551316107220478 0.7373302244243661 0.09256942767447476 0.10965316234334015
4 0.3509611205022941 0.5961906149810551 0.05715286162762617 0.15672690177790732
3 0.4139507365370684 0.7817895657242787 0.06479835788456895 0.14902652287962692
3 0.7337189084762135 0.5218536869717284 0.06439748852934074 0.13629262605654327
3 0.5328833615068824 0.38945496939667734 0.08773967640666505 0.11923637423491694
8 0.6934725911615552 0.3476741474788691 0.0853248007727602 0.15808802098513552
13 0.22740159381791836 0.2543806470416788 0.07083554696933107 0.08808802098513553
8 0.5381139821299203 0.5361877003788983 0.10786524993962811 0.16787816962984553
8 0.47411977783144166 0.6384640046633635 0.12959913064477177 0.1713203147770329
14 0.29944457860420187 0.8673039930049548 0.1521371649360058 0.1684931506849315
14 0.8375585607341222 0.8138618478577675 0.16099251388553487 0.1956805596036141
16 0.8206544312967882 0.5840483823958029 0.09096112050229413 0.2694287379772661
16 0.5976817193914513 0.1783415913727776 0.2197536826853417 0.14586126493733606
17 0.16743057232552525 0.4861498105508598 0.2157280850036223 0.2047857767414748
11 0.46667471625211304 0.28548819586126495 0.18232311035981646 0.2231710871466045
8 0.27609997585124363 0.3109618187117459 0.09981405457618932 0.14267269017779072
4 0.35961603477420917 0.3032148061789566 0.06962810915237864 0.13329350043719032
0 0.7055469693310795 0.12222675604779948 0.06359092006761652 0.10067035849606527
0 0.9244940835546969 0.6474497231127951 0.07647186669886501 0.1426581171670067
21 0.8162279642598406 0.3486476245992422 0.13040328423086212 0.16877878169629848
21 0.421395798116397 0.4433838531040513 0.12315865732914755 0.12508889536578258
21 0.8150205264428881 0.19049548236665695 0.14730741366819608 0.15268434858641797
21 0.23062062303791356 0.6005654328184202 0.13764791113257668 0.15090061206645294
21 0.4258222651533446 0.18369280093267268 0.09337599613619899 0.12741474788691345