1 0.5848173913043478 0.5411461318051576 0.05659130434782609 0.08579512893982807
1 0.20289937888198756 0.6398603151862464 0.06293913043478261 0.09220272206303726
1 0.06652919254658385 0.5749820916905444 0.06846211180124223 0.10570916905444126
2 0.47411925465838506 0.11484598853868194 0.07701863354037267 0.10712034383954154
2 0.7474111801242236 0.2571489971346705 0.07370683229813665 0.11712750716332378
2 0.793927950310559 0.34033667621776503 0.07563726708074534 0.11636461318051576
2 0.22015155279503107 0.861371776504298 0.11124968944099378 0.09825931232091689
2 0.39806708074534164 0.8729154727793695 0.11207701863354037 0.10224212034383953
3 0.07343105590062111 0.3877041547277937 0.11207701863354037 0.10603510028653296
4 0.6412695652173913 0.29237464183381084 0.11815155279503106 0.12789040114613182
4 0.9108347826086957 0.3315830945558739 0.1256049689440994 0.14183739255014327
4 0.1619055900621118 0.25873925501432665 0.1383031055900621 0.12986747851002864
4 0.512216149068323 0.33516117478510027 0.12008198757763974 0.10601361031518625
6 0.10186335403726708 0.7338037249283669 0.12256645962732919 0.16070200573065901
7 0.49551304347826086 0.4965723495702006 0.09496149068322982 0.1590150429799427
8 0.3362310559006211 0.2710816618911175 0.13747329192546584 0.1545487106017192