1 0.5421536931111663 0.2986557177615572 0.0770952499378264 0.08534975669099756
1 0.642046754538672 0.5709124087591241 0.06300174086048246 0.10066605839416058
1 0.2793658293956727 0.24010036496350368 0.09367570256155186 0.09293187347931874
1 0.33511564287490675 0.5050030413625304 0.07833872171101716 0.10266727493917274
2 0.45884108430738624 0.39448296836982966 0.10445162894802287 0.1249330900243309
2 0.5579035065904003 0.4216058394160584 0.07378015419049988 0.1274787104622871
2 0.41531957224571003 0.26392639902676396 0.09699079830887838 0.08584245742092457
2 0.23315095747326536 0.7214963503649635 0.1330514797314101 0.158521897810219
3 0.26382243223078833 0.3742062043795621 0.0998930614275056 0.16954075425790754
4 0.39003481720964933 0.1399756690997567 0.06631932355135539 0.16336374695863748
4 0.522464561054464 0.15011557177615573 0.055128077592638644 0.1775638686131387
4 0.14921661278288983 0.21044708029197082 0.0820691370305894 0.17657542579075428
6 0.6868117383735389 0.318433698296837 0.09781895050982342 0.1370711678832117