1 0.20391272902603666 0.30779676533414707 0.04861861137897782 0.06223985352456515
1 0.12857521697203472 0.35764723832773876 0.04500241080038572 0.06429356118400976
2 0.19748553519768564 0.6440463838877022 0.07433220829315332 0.1061184009765029
2 0.7861210221793635 0.7986908758010375 0.10406702025072324 0.10414403417760146
2 0.601897299903568 0.5209429356118401 0.07553760848601736 0.11014037229173024
3 0.566337994214079 0.2383613060726274 0.0887970106075217 0.08510527921879768
3 0.8200747348119576 0.4853341470857492 0.11169961427193828 0.09384803173634422
2 0.8112343297974928 0.6893225511138236 0.08919961427193829 0.11732682331400672
3 0.46588717454194795 0.4095392126945377 0.10004821600771456 0.0948367409215746
4 0.3632280617164899 0.6002990540128166 0.1430400192864031 0.09185840707964602
4 0.622589199614272 0.6211534940494354 0.13862102217936356 0.07864205065608788
6 0.38170925747348117 0.35968568812938667 0.0787536162005786 0.10498931949954227
6 0.30315814850530376 0.35866951480012205 0.08317261330761813 0.10906011595971925
6 0.8281099324975892 0.3815624046383888 0.08919961427193829 0.10601769911504426
6 0.5741730954676952 0.2986420506560879 0.07794840887174541 0.09275862068965518
4 0.38010366441658633 0.26303631370155633 0.1044672131147541 0.11309124198962467
8 0.7815019286403087 0.17986573085138846 0.10205641272902603 0.14510833079035704
8 0.5924541947926711 0.39936527311565456 0.11692381870781099 0.0989014342386329
8 0.6973240115718419 0.4398077509917608 0.12415621986499518 0.134018919743668
0 0.6501133076181292 0.24218187366493743 0.07071600771456123 0.13241379310344828
0 0.7796938283510125 0.5448550503509307 0.10567261330761812 0.12744583460482148
12 0.05424300867888139 0.5064418675617943 0.08437801350048216 0.07808666463228563