1 0.25442477876106195 0.6780664294187425 0.053262045231071774 0.0925701858442072
1 0.5911996066863323 0.5594187425860023 0.04834562438544739 0.09252273625939107
1 0.0838520157325467 0.6018268090154211 0.06773844641101279 0.09561486753657572
2 0.8071116027531956 0.3566231712139185 0.08849557522123894 0.10606563859232898
2 0.7828023598820059 0.2355674179517596 0.04970993117010816 0.17237247924080665
2 0.47033677482792524 0.14240015816528273 0.09013520157325468 0.1125741399762752
2 0.42718289085545724 0.8705417160933174 0.08904129793510325 0.11901146698299724
2 0.2419960668633235 0.8723013048635825 0.10543018682399213 0.1488928430209569
3 0.09559734513274336 0.40452352708580464 0.10761553588987216 0.11751285092922104
4 0.6588003933136677 0.29927639383155397 0.10980088495575221 0.09945432977461448
4 0.9070796460176991 0.32476472914195337 0.127826941986234 0.1240727560300514
4 0.185732546705998 0.2614867536575721 0.12400196656833824 0.1293198892843021
6 0.13793264503441494 0.7079557137208383 0.1037905604719764 0.1628904705417161
7 0.48672566371681414 0.47857255832344797 0.07702310717797443 0.15752866745749308
8 0.3681858407079646 0.2575326215895611 0.11198623402163226 0.12668248319493872