1 0.5680640500842764 0.09607219251336899 0.05497953286780641 0.06291176470588235
1 0.6360871659041657 0.15156417112299467 0.053775583915241995 0.06427005347593583
2 0.31804237900313026 0.21062566844919786 0.07504695400915001 0.08880748663101604
2 0.40372501805923433 0.5451390374331551 0.07063086925114374 0.09740641711229947
2 0.23296412232121358 0.7724572192513368 0.09270406934745967 0.1135427807486631
2 0.13404045268480616 0.7292219251336898 0.08507825668191668 0.10728609625668449
2 0.5554225860823502 0.8018770053475935 0.1091572357332049 0.12959893048128343
3 0.44104743558873105 0.7927406417112299 0.08267035877678786 0.1353903743315508
3 0.7408307247772694 0.4909866310160428 0.08026246087165904 0.12011764705882354
3 0.531141343607031 0.4025106951871658 0.06782326029376355 0.11161497326203208
4 0.34151938357813627 0.32718449197860966 0.07143510715145678 0.1160427807486631
4 0.3184444979532868 0.5701016042780748 0.07584878401155791 0.13664171122994653
4 0.5313436070310619 0.5244171122994652 0.060999277630628464 0.15489839572192515
6 0.5726775824705033 0.3097994652406417 0.07143510715145678 0.09731550802139037
6 0.5642499398025523 0.24093582887700535 0.05939561762581266 0.10664973262032086
6 0.6380929448591379 0.5010133689839572 0.07705273296412232 0.10541443850267379
8 0.6848470984830244 0.29665508021390374 0.09591379725499638 0.14856951871657753
8 0.47515771731278594 0.6398609625668449 0.11236937153864676 0.1611818181818182
8 0.8505899349867566 0.767336898395722 0.15771731278593787 0.1647994652406417
0 0.36138454129544906 0.7334625668449198 0.10394172887069589 0.1612192513368984
0 0.7352106910666988 0.5968422459893048 0.13163255477967734 0.10990909090909091
0 0.9406862509029618 0.6001898395721925 0.09470984830243197 0.13531550802139036
0 0.21911870936672284 0.5892700534759358 0.12521069106669877 0.15893315508021388
12 0.4330195039730315 0.07936096256684493 0.052171923910426195 0.09633422459893048