1 0.5983790012804098 0.3629615384615385 0.07255569782330346 0.0821510989010989
1 0.7072138284250961 0.7346016483516483 0.07511651728553137 0.09191483516483516
1 0.614596670934699 0.9182445054945054 0.0793854033290653 0.07458241758241758
2 0.33077336747759284 0.20290384615384616 0.09048143405889884 0.08895879120879122
2 0.4310704225352113 0.17199450549450548 0.05548527528809219 0.1123021978021978
2 0.8892445582586428 0.5685934065934065 0.088348271446863 0.12528021978021978
2 0.16560051216389243 0.45203846153846156 0.0827989756722151 0.10371153846153845
3 0.45539820742637643 0.9104642857142857 0.13999231754161331 0.12495604395604396
4 0.35808706786171574 0.3336565934065934 0.08365428937259924 0.1279368131868132
4 0.3824148527528809 0.44448626373626376 0.10158002560819462 0.15179395604395604
4 0.36320870678617156 0.7698736263736264 0.06828937259923176 0.16795054945054946
4 0.2697387964148527 0.7987252747252748 0.0964583866837388 0.18719505494505495
4 0.38134955185659414 0.10535989010989011 0.13273495518565942 0.10815384615384616
6 0.7976952624839949 0.8335274725274725 0.12804097311139565 0.13591758241758242
7 0.5725556978233034 0.4621153846153846 0.14127272727272727 0.12386538461538461
8 0.2584302176696543 0.599510989010989 0.10712676056338027 0.17337912087912088