1 0.5473554115670746 0.07350706958691433 0.045997120230381563 0.06846409758802328
1 0.6045524358051356 0.10816745217632383 0.045195584353251744 0.06570280011089548
2 0.2957763378929686 0.18581369559190464 0.04679625629949604 0.08791793734405323
2 0.10959203263738901 0.7558830052675353 0.0991912646988241 0.12187690601607985
2 0.218581713462923 0.7591183809259773 0.10839212862970962 0.10616578874410867
2 0.4009671226301896 0.5465261990573884 0.07479481641468683 0.10238425284169671
3 0.41996640268778496 0.8307540892708623 0.08159347252219823 0.14408927086221238
3 0.718742500599952 0.4728167452176324 0.07439404847612191 0.15180759634044913
4 0.3253731701463883 0.5943665095647352 0.06759539236861052 0.1675686165788744
4 0.3403719702423806 0.3244635431106182 0.07119510439164867 0.14342944275020794
3 0.5023590112790977 0.3598170224563349 0.05919606431485481 0.11710285555863598
6 0.5599544036477082 0.23018020515663987 0.08319414446844253 0.09348211810368727
6 0.5363570914326854 0.2985777654560577 0.08879289656827453 0.09165788744108679
6 0.6281497480201584 0.4772026614915442 0.08279337652987762 0.10790407540892707
8 0.523357331413487 0.5248100914887719 0.093993280537557 0.16985306348766288
8 0.4661627069834413 0.6382700304962572 0.13798896088312934 0.1666620460216246
8 0.2525797936165107 0.3392542278902135 0.08999280057595392 0.14528416967008592
8 0.8287329013678906 0.7704491266980871 0.15518838492920564 0.1870474078181314
8 0.6599472042236622 0.28587468810645966 0.09119270458363331 0.14665095647352372
0 0.32677465802735783 0.7612004435819241 0.11119030477561795 0.1519212642084835
12 0.5327573794096472 0.8194316606598281 0.11519078473722102 0.14085112281674522
12 0.40956803455723545 0.06588023288051012 0.06559395248380129 0.0670751316883837