1 0.3832532253984316 0.7848757330354649 0.06830255502150266 0.07203295168947221
1 0.46209714141158614 0.8551689472214465 0.06408550467998989 0.08416364144093828
2 0.7007336200354162 0.17133482267523037 0.07589172780166961 0.0848282602624965
2 0.7859018466987099 0.17063669366098855 0.07420440172021249 0.09739458251884948
2 0.7734631925120162 0.6861910080982966 0.07715658993169744 0.11481988271432561
2 0.5892157854793828 0.3074979056129573 0.07799898811029597 0.09744764032393186
3 0.5388312673918543 0.12827701759285115 0.05565393372122439 0.10203295168947221
3 0.28775613458133065 0.3531192404356325 0.08221603845180875 0.11608768500418877
3 0.5023602327346319 0.46740296006702037 0.061135846192764985 0.12404635576654566
4 0.6425499620541361 0.27002792516056967 0.07083227928155832 0.14258866238480872
4 0.6800733620035416 0.5102317788327283 0.06998988110295978 0.1426836079307456
6 0.37735137869972174 0.3514884110583636 0.07673412598026814 0.09327562133482267
6 0.4612522135087275 0.5227953085730244 0.08263850240323806 0.10079028204412176
6 0.4418593473311409 0.6098492041329238 0.10456109284088035 0.11292934934375871
6 0.45703769289147483 0.13269757051103043 0.08432329876043511 0.0969142697570511
8 0.47221603845180876 0.3254230661826305 0.09950164432076904 0.14167830215023738
8 0.5181710093599797 0.23744205529181792 0.12058436630407286 0.12767941915666015
8 0.2312598026815077 0.15877129293493436 0.1260637490513534 0.12671879363306338
8 0.33476600050594485 0.5467774364702597 0.09275739944346066 0.16271432560737223
8 0.7728307614470022 0.5018542306618263 0.0935997976220592 0.15385087964255795
0 0.26309132304578803 0.2590840547333147 0.07589172780166961 0.08439542027366657
12 0.6640526182646092 0.9021893325886623 0.11383759170250443 0.11676626640603183