1 0.6250575680988486 0.24081858407079648 0.059441168211176634 0.07603034134007586
1 0.7357483852850323 0.15573008849557524 0.05335579893288402 0.09232932996207333
2 0.2000842459983151 0.21421302149178253 0.10811569783768604 0.09551517067003792
2 0.3308986239820275 0.3915012642225032 0.09735186745296266 0.08030341340075854
2 0.33324066273518677 0.7252686472819216 0.07394832912103341 0.08096080910240203
2 0.5204521201909575 0.8551422250316056 0.06084526818309463 0.09734513274336283
2 0.8719460825610783 0.44787610619469026 0.06739679865206402 0.09823957016434892
2 0.8546279135074417 0.7495037926675094 0.09454366750912666 0.09783185840707966
2 0.6187391182252177 0.1797029077117573 0.07769446784611064 0.08654235145385587
2 0.6983066554338669 0.32142857142857145 0.07956472900870541 0.08554677623261694
3 0.44463072170738555 0.08539506953223767 0.11700926705981467 0.08756005056890014
3 0.46709632125807354 0.1670543615676359 0.11139286717214267 0.06124841972187105
4 0.5302808199943836 0.4979329962073325 0.09735186745296266 0.1541055625790139
4 0.7146868857062623 0.742658027812895 0.14040999719180006 0.12838495575221237
4 0.5777871384442572 0.09277180783817951 0.12777309744453805 0.1086378002528445
4 0.3814462229710755 0.8535335018963337 0.11607132827857343 0.165031605562579
4 0.2635018253299635 0.5387642225031606 0.11420106711597866 0.1504329962073325
4 0.43690817186183656 0.6459797724399494 0.13807076663858467 0.14046460176991152
6 0.4577365908452682 0.42048040455120106 0.08705419825891604 0.10665929203539824
6 0.6566498174670037 0.4455088495575221 0.08611906767761865 0.11562579013906447
8 0.4802021903959562 0.24240202275600506 0.13760179724796406 0.11080278128950695
8 0.5817663577646729 0.3380278128950695 0.15538612749227745 0.11558154235145385
8 0.4518871103622578 0.3367130214917825 0.13432462791350744 0.12875474083438684