1 0.3230531975099038 0.4487227979274611 0.06319468024900962 0.0701580310880829
1 0.5631013016411998 0.6085129533678757 0.07357102433503113 0.0736761658031088
1 0.6324278438030561 0.30512953367875645 0.059422750424448216 0.07053367875647668
2 0.323760611205433 0.21983678756476685 0.07309847198641765 0.07870466321243523
2 0.09054895302773061 0.37703367875647664 0.08866157328805885 0.07703886010362694
2 0.5055659309564233 0.26906994818652846 0.07923033389926429 0.07872538860103627
2 0.6736926994906621 0.232360103626943 0.06555461233729484 0.08302849740932643
2 0.7734380305602716 0.559282383419689 0.09809564233163555 0.0892020725388601
1 0.703641765704584 0.7078445595854923 0.08866157328805885 0.10135233160621762
2 0.40511318619128467 0.7220932642487047 0.09149122807017543 0.08840414507772021
3 0.43010752688172044 0.13303367875647668 0.10752688172043011 0.08644559585492229
3 0.6850113186191285 0.14814766839378238 0.07687323146576118 0.09595336787564766
4 0.45840407470288624 0.4949378238341969 0.11884550084889643 0.1315
4 0.3808234295415959 0.5435233160621762 0.09668081494057726 0.13799740932642485
4 0.5678183361629882 0.10949740932642488 0.08866157328805885 0.10414248704663212
4 0.8863893604980192 0.39884974093264247 0.10045274476513866 0.13362176165803108
4 0.8743633276740238 0.7130077720207254 0.18109790605546122 0.09557512953367876
6 0.42350594227504246 0.4040284974093264 0.08300226372382569 0.09216580310880829
6 0.1245048104131296 0.2705829015544042 0.10752688172043011 0.1050699481865285
8 0.5833814374646293 0.19824611398963732 0.1311063950198076 0.10288082901554405
4 0.6751075268817204 0.8520906735751296 0.17025183927560836 0.13077720207253887
8 0.2126966610073571 0.3159326424870466 0.1311063950198076 0.13359067357512952