1 0.42317478912839734 0.3590763358778626 0.0403514526710403 0.07862977099236641
1 0.7147516401124648 0.24900381679389313 0.04868322399250234 0.0900381679389313
2 0.7030365510777882 0.10797328244274809 0.05649250234301781 0.13112977099236642
2 0.5292619493908154 0.8513320610687022 0.09788659793814432 0.13438931297709925
2 0.177029053420806 0.6646946564885496 0.06508434864104967 0.11734732824427481
2 0.17924086223055294 0.5508053435114504 0.07419634489222118 0.11093893129770993
3 0.9208059981255857 0.4893015267175573 0.11558809746954077 0.12024809160305344
4 0.32073336457357077 0.6152786259541985 0.12444001874414246 0.10248091603053436
4 0.46339737582005625 0.5448702290076336 0.12860590440487346 0.1296030534351145
4 0.07003045923149015 0.58643893129771 0.11663074039362699 0.13640458015267176
4 0.8600187441424555 0.6750610687022901 0.13875820056232427 0.16472137404580153
6 0.8067783505154639 0.2116526717557252 0.08747188378631678 0.16278244274809162
7 0.5099976569821931 0.4012900763358779 0.07809981255857544 0.17069083969465648
8 0.6444611059044049 0.6515496183206106 0.12678303655107778 0.13685496183206106