1 0.6567900241351569 0.8092851427047213 0.06659426119603111 0.08126967191251
1 0.6500858138911236 0.6932301947185916 0.06391257709841781 0.07321952520672179
2 0.36582729954411375 0.22234729261136305 0.0800026816840976 0.10238463590290743
2 0.16559399302762134 0.5207095225393439 0.07106462858675248 0.11228327554014403
2 0.7352292839903459 0.7134649239797279 0.08134352373290427 0.10035209389170446
2 0.20470099222311613 0.24169111763136836 0.0661491016358273 0.1063937049879968
2 0.8757924376508447 0.3693038143504935 0.08626173236792706 0.09488130168044812
2 0.6699731831590239 0.3277300613496933 0.063467417538214 0.09441984529207789
2 0.543488871010995 0.6407628700986929 0.09475194422097076 0.09098692984795946
2 0.3595682488602842 0.6821178981061617 0.06748994368463394 0.10434249133102161
3 0.7734432823813355 0.6127527340624167 0.09072941807455082 0.109650573486263
3 0.8918825422365245 0.5985249399839957 0.11307857334406007 0.13987996799146438
4 0.5680691874497183 0.2265724193118165 0.12246446768570662 0.08682315284075753
4 0.26414588361491015 0.18322219258468925 0.06167873424510593 0.13616164310482795
4 0.4527567712523465 0.4135502800746866 0.12246446768570662 0.1273592958122166
4 0.42795119334942344 0.29171512403307553 0.08089836417270047 0.11841824486529741
6 0.45633413783856264 0.5271539077087223 0.09207026012335746 0.08516137636703121
6 0.5542156074014482 0.3979861296345692 0.10011531241619737 0.10156308348893038
8 0.5783507642799678 0.5258255534809282 0.11620541700187717 0.15185916244331824
8 0.6512013944757308 0.425556148306215 0.11710109949048003 0.13536676447052548
8 0.7472968624296058 0.493587623366231 0.1376588897827836 0.13806081621765806
4 0.9008232770179673 0.7708295545478795 0.0880477339769375 0.16707121899173114
4 0.1988924644676857 0.3868711656441718 0.06525341914722446 0.13268338223526274