1 0.8606326581645412 0.6025687815833801 0.058347086771692924 0.07281302638966873
1 0.8954313578394598 0.5162240314430095 0.060432608152038006 0.08260808534531162
2 0.2548562140535134 0.16382369455362156 0.0645986496624156 0.07966030320044919
2 0.216721680420105 0.25087029758562607 0.07085021255313828 0.07407916900617631
2 0.7581070267566892 0.25835766423357664 0.08335333833458364 0.06659460976979226
2 0.37551137784446115 0.3702105558674902 0.09835708927231808 0.08254912970241438
3 0.5343010752688172 0.4719988770353734 0.1058589647411853 0.09803481190342504
3 0.1704601150287572 0.37325098259404826 0.12336334083520879 0.08582818641212803
3 0.39218054513628403 0.6715974171813588 0.11669667416854214 0.07892476137001685
4 0.6314078519629908 0.29696799550814146 0.12003000750187547 0.0736299831555306
4 0.3273743435858965 0.3126445816956766 0.12461365341335333 0.06848680516563728
6 0.6355763940985246 0.46708590679393597 0.08335333833458364 0.10224312184166198
6 0.695173793448362 0.5480488489612577 0.09752438109527382 0.10695395845030882
6 0.4271892973243311 0.5791690061763054 0.08668917229307327 0.09339416058394161
6 0.16858464616154037 0.44976979225154406 0.0921055263815954 0.09007018528916338
8 0.2838209552388097 0.4230993823694553 0.13003250812703177 0.1434110050533408
8 0.3780120030007502 0.4797248736664795 0.14836959239809955 0.12190342504211119
8 0.6124456114028507 0.22372824256035934 0.11961240310077519 0.09840539023020774
8 0.10669417354338585 0.7684811903425042 0.15587146786696676 0.17724031443009547
8 0.5976494123530883 0.636734980348119 0.15753938484621155 0.11868893879842785
0 0.23193298324581146 0.641179112857945 0.12878219554888723 0.09669567658618754
0 0.21797199299824954 0.32107243121841667 0.10335833958489622 0.09095451993262213
12 0.9102275568892223 0.32387703537338575 0.07751937984496124 0.07972487366647951