1 0.3608382352941176 0.32304887820512823 0.06644852941176471 0.11368990384615384
1 0.273421568627451 0.6531971153846154 0.09095833333333334 0.13029246794871793
1 0.5799289215686275 0.5494551282051282 0.0748921568627451 0.11511618589743589
1 0.6700710784313725 0.29165865384615386 0.07543627450980392 0.11234375
2 0.5070808823529411 0.478661858974359 0.09749509803921567 0.1337860576923077
2 0.4993186274509804 0.3255008012820513 0.08360539215686275 0.14263221153846153
2 0.33306127450980394 0.4670873397435897 0.12200490196078431 0.14268830128205126
2 0.7889436274509803 0.72421875 0.12200490196078431 0.17885416666666668
3 0.4411764705882353 0.632275641025641 0.14542401960784315 0.16857772435897436
4 0.16966176470588237 0.30947115384615387 0.1644877450980392 0.1212540064102564
4 0.141203431372549 0.46909054487179486 0.16149264705882352 0.1440224358974359
4 0.25517401960784314 0.8413181089743589 0.19172058823529411 0.1512940705128205
6 0.408360294117647 0.14896233974358974 0.08469607843137254 0.16081730769230768