1 0.3478043022035677 0.8342771804062126 0.07913693599160546 0.07556451612903226
1 0.5041107030430221 0.7516248506571087 0.05858604407135362 0.07154719235364397
1 0.6518887722980063 0.39487455197132615 0.05508919202518363 0.08385603345280765
2 0.28440975865687307 0.24052568697729987 0.07301416579223505 0.0977389486260454
2 0.5480508919202518 0.11256272401433692 0.05989769150052466 0.1046594982078853
2 0.6431453305351522 0.13994922341696536 0.0848189926547744 0.10566606929510154
2 0.6604144805876181 0.9139456391875747 0.10099685204616998 0.09750298685782556
2 0.7441421825813221 0.7257377538829152 0.07694910807974815 0.10937873357228195
3 0.24506033578174186 0.7371863799283154 0.14121983210912908 0.08448924731182796
4 0.6497035676810073 0.06028375149342892 0.12941500524658972 0.08970131421744325
4 0.48968258132214065 0.24003285543608124 0.07345225603357818 0.14454002389486262
4 0.44464847848898215 0.34708183990442054 0.10230849947534103 0.137610513739546
4 0.18078961175236097 0.5599402628434886 0.10711699895068205 0.1660752688172043
6 0.5172271773347324 0.8713739545997611 0.09006558237145855 0.11092891278375148
7 0.575813221406086 0.4655854241338112 0.1180482686253935 0.14761648745519715
8 0.26473504721930746 0.40782855436081245 0.1123635886673662 0.15755077658303465