1 0.6288659793814433 0.3730747371412333 0.08247422680412371 0.06319124751349815
1 0.7067594501718213 0.7124921852799091 0.06643642611683849 0.07421994884910486
1 0.6065292096219931 0.9024495595339584 0.10652920962199312 0.08471440750213129
2 0.33705498281786944 0.15943165672065926 0.08648453608247422 0.0792128445581131
2 0.4481683848797251 0.162512077294686 0.08877319587628865 0.07116226200625177
2 0.13917525773195877 0.465924978687127 0.09965635738831616 0.09543904518329072
2 0.7399759450171821 0.8330548451264563 0.11225773195876289 0.11926967888604717
2 0.8894604810996564 0.546692242114237 0.07445704467353952 0.08931230463199773
3 0.38831615120274915 0.9107445296959363 0.09621993127147767 0.13256322818982666
4 0.36712371134020616 0.2918414322250639 0.08820274914089347 0.13658425689116227
4 0.40950859106529214 0.4268485365160557 0.09736426116838487 0.14516339869281045
4 0.4375704467353952 0.07961636828644501 0.11913058419243987 0.11565785734583689
4 0.22737800687285223 0.8034498437055982 0.11798281786941581 0.14246945154873544
7 0.5435292096219931 0.4692213697073032 0.12256701030927836 0.1139386189258312
8 0.27291065292096217 0.5827024722932652 0.11626460481099656 0.14996305768684287