1 0.6736879265709579 0.21382571075401732 0.08825606024947047 0.11450556242274414
1 0.6460343610261238 0.5218788627935723 0.05413038361967522 0.11256798516687268
1 0.2943822075782537 0.5826668726823239 0.08747234643445517 0.11671199011124846
1 0.3997011061426218 0.3366841779975278 0.06982113438456107 0.10991965389369591
2 0.4816827488820899 0.4090636588380717 0.09257001647446457 0.12179542645241039
2 0.6205389503412568 0.3928399258343634 0.09257001647446457 0.13569839307787393
2 0.4689338667921864 0.5486650185414091 0.09767004000941398 0.11669962917181706
2 0.2251518004236291 0.20893386897404204 0.09727700635443634 0.12635352286773793
3 0.5224758766768651 0.2550370828182942 0.1223817368792657 0.11040173053152039
4 0.83333254883502 0.3735166872682324 0.16749117439397504 0.1063257107540173
4 0.8841303836196752 0.5450618046971569 0.19612379383384326 0.11566749072929543
4 0.6842786538008944 0.12470642768850433 0.15650741350906094 0.1278646477132262
6 0.5940621322664157 0.7181520395550062 0.11728171334431631 0.17755253399258342