1 0.4151852791878172 0.3529458987783595 0.0537233502538071 0.08692844677137872
1 0.7373096446700508 0.25490401396160556 0.050761421319796954 0.08980104712041884
1 0.8794416243654822 0.3043630017452007 0.06091370558375635 0.0979650959860384
2 0.5668350253807106 0.11177312390924957 0.07529695431472082 0.09672600349040139
2 0.7043147208121827 0.10944502617801047 0.07614213197969544 0.09206980802792321
2 0.5099416243654823 0.8222094240837696 0.08079441624365481 0.10747643979057592
2 0.22081218274111675 0.635434554973822 0.07360406091370558 0.10391273996509598
2 0.1912005076142132 0.5452495636998255 0.08037309644670051 0.10504013961605585
3 0.9137055837563451 0.4626282722513089 0.10406091370558376 0.10733682373472948
4 0.3428502538071066 0.5993612565445027 0.122251269035533 0.11553577661431064
4 0.47292639593908625 0.5612530541012216 0.13113451776649745 0.1265759162303665
4 0.07635279187817258 0.5787085514834206 0.13240355329949238 0.1265828970331588
4 0.8491954314720812 0.6206003490401396 0.1349416243654822 0.14056195462478185
6 0.8157791878172589 0.18596160558464223 0.08840862944162436 0.1229389179755672
7 0.49830710659898475 0.39746596858638744 0.09560152284263959 0.15851308900523559
8 0.6611675126903553 0.604020942408377 0.1319796954314721 0.15277486910994764