1 0.6542363593042649 0.7856809229037703 0.06472956873957589 0.07070343275182893
1 0.7513295210864903 0.7542571750140686 0.0659208958780081 0.09226786719189646
2 0.554164879675959 0.08445413618458075 0.06949487729330475 0.06949071468767586
2 0.4654110078627591 0.12291783905458639 0.05162497021682154 0.0845160382667417
2 0.8585489635453896 0.4765785030951041 0.08498213009292352 0.0827771525042206
3 0.530140576602335 0.47423747889701745 0.07147962830593281 0.1287422622397299
3 0.29822968787228976 0.507540799099606 0.09848224922563735 0.11656162070906022
4 0.7165832737669764 0.4088069780528982 0.09888015248987372 0.13012380416432187
4 0.49857040743388137 0.23033202025886326 0.12032404098165356 0.1136381541924592
3 0.3577960447939004 0.18506752954417557 0.09848224922563735 0.08782217220033765
6 0.31093638313080774 0.23314575126617895 0.08577555396711938 0.09112549240292628
6 0.38182034786752445 0.4718908272369161 0.09649749821300929 0.1071665728756331
6 0.5770002382654277 0.6316010129431626 0.0841863235644508 0.10300787844682048
6 0.5905003573981416 0.5340405177265054 0.09689540147724565 0.11047270680922903
8 0.08656897784131522 0.39309510410804727 0.10404336430783893 0.15779122115925717
8 0.42172980700500357 0.3771468767585819 0.12628067667381462 0.1371468767585819
8 0.38797474386466524 0.27864378165447384 0.13025256135334762 0.10333708497467642
8 0.4499237550631403 0.6182076533483399 0.1270741005480105 0.15169105233539673
0 0.420140576602335 0.18155036578503095 0.08974743864665237 0.0892290377039955
0 0.22873481057898498 0.3886353404614519 0.10245413390517036 0.10666572875633089
12 0.9304264951155587 0.6416854248733822 0.08577555396711938 0.10348058525604951