1 0.3014958886780519 0.2272375070185289 0.08749841872232765 0.07453677709152162
1 0.611954459203036 0.2885457608085345 0.08222643896268185 0.09047445255474452
1 0.4058602150537634 0.47831836047164517 0.09382352941176471 0.0910162829870859
1 0.7055123339658443 0.5737871982032566 0.08907969639468691 0.08543795620437956
2 0.4675300442757748 0.272400336889388 0.14758697027197976 0.10029477821448625
2 0.6372549019607843 0.40601347557551937 0.12017710309930424 0.10643177989893318
2 0.4712207463630613 0.4025042111173498 0.1359898798228969 0.10221785513756318
2 0.22849462365591397 0.6603733857383493 0.15970904490828589 0.14631106120157214
3 0.3286432637571158 0.34915496911847277 0.11964895635673624 0.13027793374508703
4 0.14600569259962048 0.2232678270634475 0.1307179000632511 0.15362717574396406
4 0.6116919671094244 0.14721785513756316 0.09118595825426945 0.13909039865244244
4 0.4630518659076534 0.1401965188096575 0.09751106894370651 0.1250477259966311
6 0.8064516129032258 0.3093767546322291 0.11068943706514864 0.13494104435710275