21 0.2928750614854894 0.1369729880256196 0.1258411214953271 0.1309997215260373
21 0.4424913920314806 0.13511556669451405 0.12010083620265617 0.11614313561681983
21 0.5246753566158386 0.4888499025341131 0.11969257255287752 0.15527429685324423
21 0.21929906542056074 0.501150097465887 0.14838416133792426 0.12696184906711222
21 0.6915076242006887 0.6775549986076301 0.13362764387604525 0.16788359788359788
6 0.818782587309395 0.38671957671957674 0.0856689621249385 0.10695627958785853
1 0.16437038858829317 0.33240323029796714 0.06804476143630103 0.07072681704260651
1 0.21438022626660108 0.25766360345307715 0.05492621741269061 0.06048454469507101
2 0.8138637481554354 0.6322890559732666 0.0856689621249385 0.11912280701754385
2 0.7984923757993114 0.7654970760233918 0.0950983767830792 0.11571707045391257
2 0.20536153467781604 0.6088415483152325 0.09099852434825381 0.07501253132832081
2 0.6152656173143138 0.4751489835700362 0.0844392523364486 0.08053188526872737
3 0.5972282341367438 0.20056530214424953 0.0877201180521397 0.06881927039821777
3 0.8403025086079685 0.4670258980785296 0.11641170683718642 0.09491785018100808
3 0.4722085587801279 0.37232804232804234 0.08362026561731431 0.0948816485658591
4 0.3592793900639449 0.5594040657198551 0.1405976389572061 0.07917014759120022
4 0.6812592228234137 0.5417627401837928 0.13280865715691098 0.07730715678084099
6 0.3389891785538613 0.30153439153439154 0.0877201180521397 0.10088833194096353
6 0.37977619281849484 0.3737204121414648 0.08320954254795868 0.10323865218602062
8 0.4381874077717659 0.23306042884990252 0.12378996556812592 0.08368699526594263
8 0.6130103295622233 0.3628125870231133 0.1266601082144614 0.1064828738512949
8 0.7156910969011313 0.4150375939849624 0.13280865715691098 0.1357504873294347
8 0.35907525823905556 0.6652492341966025 0.1574028529267093 0.1182066276803119
8 0.8089449090014756 0.14646616541353386 0.1258411214953271 0.1201364522417154
0 0.804026069847516 0.5357309941520467 0.10534431874077717 0.09308827624617097
0 0.7372110181997049 0.23236702868281814 0.1045253320216429 0.09621832358674463
12 0.0719380226266601 0.5348008911166806 0.07255287752090507 0.08008911166805904