7 0.09486646884272998 0.44711365003006615 0.08722147288912867 0.15359591100420927
7 0.42149986512004317 0.4120264582080578 0.13892635554356622 0.13153036680697536
7 0.38081197734016725 0.3072730006013229 0.11959266253034799 0.10242032471437161
7 0.7481332613973564 0.3503818400481058 0.12588885891556514 0.14052916416115455
6 0.2481791205826814 0.25690318701142517 0.07553277582951173 0.10691220685508117
6 0.3749662800107904 0.5072519542994588 0.08632317237658484 0.09949188214070957
6 0.573690315619099 0.5821828021647625 0.0845238737523604 0.10202645820805772
6 0.6172997032640949 0.6595971136500302 0.08182627461559212 0.0949158147925436
4 0.49973024008632316 0.24988875526157547 0.10655516590234691 0.11693325315694529
7 0.4970326409495549 0.6801713770294648 0.13892635554356622 0.13865303668069753
3 0.315168599946048 0.5671467227901383 0.0746344753169679 0.11404990980156343
3 0.5545805233342325 0.5042453397474443 0.10295926625303481 0.09948887552615754
3 0.2994335041812787 0.1945039085989176 0.07553277582951173 0.11139807576668671
2 0.45746695441057456 0.12082681900180398 0.043612085244132716 0.09633193024654238
2 0.5213110331804693 0.0724594107035478 0.04720798489344483 0.09280517137702947
2 0.8654788238467763 0.4816897173782321 0.08002967359050446 0.0904600120264582
1 0.7072214728891287 0.8177450390859893 0.05844888049635824 0.08006614552014432
1 0.7989398435392501 0.813983764281419 0.06564067979498246 0.07555321707757065
4 0.7013757755597518 0.41453397474443776 0.10790396547073106 0.1365423932651834
19 0.6220205017534394 0.3177991581479254 0.06519287833827893 0.09340348767288034
19 0.773760453196655 0.24311785929043897 0.085424871864041 0.08234816596512327
17 0.6638332883733477 0.19150631389055925 0.1272376584839493 0.20762778111846064
14 0.3466414890747235 0.11456103427540588 0.13218235770164555 0.08079374624173181
18 0.16500404639870514 0.3268220084185207 0.08182627461559212 0.11144918821407096
18 0.7377933639061236 0.16242633794347566 0.08362557323981656 0.09534576067348166
12 0.9299973024008632 0.7004660252555622 0.09306717021850552 0.10407696933253158
0 0.2630159158349069 0.40375526157546604 0.10520636633396277 0.12401082381238725
0 0.20321823577016457 0.5092573662056524 0.1025087671971945 0.10751052315093204
16 0.217380631238198 0.5979795550210464 0.17849204208254651 0.20878833433553817
20 0.16905044510385756 0.7455742633794348 0.06833827893175075 0.10409500901984367
9 0.7101429727542488 0.7485598316295851 0.30887510115996764 0.11242333132892364
11 0.676646884272997 0.5578893565844859 0.2526760183436741 0.2608989777510523
16 0.2205287294308066 0.602489476849068 0.17399514432155383 0.20578171978352375
21 0.5174885352036687 0.903956704750451 0.16635284596708927 0.13823812387251955
21 0.3666495818721338 0.7769061936259771 0.15331265173995146 0.16976548406494288
21 0.8124278392230915 0.5703788334335538 0.15556244942001618 0.1591040288634997
21 0.539069328297815 0.18949488875526158 0.12858645805233343 0.12542994588093806
21 0.5406447261936876 0.4027570655441972 0.13982465605611008 0.14004810583283223
2 0.488265443755058 0.3238123872519543 0.07553277582951173 0.08739025856885148