1 0.3443396770472895 0.42933093724080734 0.06295559400230681 0.061498479402820015
1 0.6372549019607843 0.7461874481614598 0.07497116493656286 0.08973735139618468
2 0.4022491349480969 0.21341166712745369 0.08362168396770472 0.0913713021841305
2 0.1533073817762399 0.3309344760851534 0.11053344867358708 0.07206248272048658
2 0.5243166089965398 0.6332706662980371 0.0682439446366782 0.09061376831628422
1 0.6651297577854671 0.343146253801493 0.05574682814302192 0.06607409455349737
2 0.5656487889273356 0.2949875587503456 0.09899942329873125 0.08310754769145702
2 0.7220790080738178 0.2853082665192148 0.057188581314878896 0.08034006082388719
2 0.7379382929642445 0.6180619297760576 0.08314013840830449 0.09337296101741775
2 0.35034602076124566 0.7033259607409454 0.09515570934256055 0.09248548520873652
3 0.5300836216839677 0.14888858169753938 0.09707900807381777 0.07844346143212608
3 0.7571597462514418 0.20097041747304395 0.06391868512110727 0.09966270389825824
4 0.4418973471741638 0.29130494885264036 0.06776239907727798 0.13656897981752836
4 0.6596020761245674 0.14612662427426043 0.08794694348327567 0.11162565662150954
4 0.45367070357554784 0.5030771357478574 0.09419550173010381 0.12605197677633398
4 0.37918108419838525 0.5358003870611003 0.07208765859284891 0.14173348078518108
6 0.20568915801614765 0.2240143765551562 0.0884284890426759 0.10151506773569256
4 0.7970501730103806 0.7897401161183301 0.2071309111880046 0.08560685651092065
8 0.644224336793541 0.23092894664086258 0.13215974625144175 0.11534420790710534
4 0.5786245674740484 0.8860685651092065 0.1480190311418685 0.1510893005252972
6 0.44405997693194926 0.40398672933370194 0.08073817762399077 0.0937517279513409
4 0.8821136101499424 0.48348907934752555 0.1292762399077278 0.12834669615703623
8 0.2782583621683968 0.27609344760851534 0.13552479815455595 0.11720486591097595