1 0.32610776640577965 0.18208064967796136 0.059202287778446716 0.057994959395127416
1 0.4048765803732691 0.0758835060207225 0.054184226369656835 0.0668216185942313
1 0.40688440698374473 0.47337440492859145 0.0822787477423239 0.07491178941472977
2 0.17308850090307043 0.16107812937552507 0.07826610475617098 0.09439652758330999
2 0.15000903070439495 0.3020582469896388 0.09231487055990367 0.10192103052366283
2 0.6286363636363637 0.750198823858863 0.10435580975316075 0.0964939792775133
2 0.7578266104756171 0.7361943433211985 0.10686333534015653 0.09648837860543265
2 0.8699578567128236 0.40172220666479974 0.1053582179409994 0.10242789134696163
3 0.5679319686935581 0.07938672640716886 0.0732480433473811 0.09903388406608793
4 0.6948615291992776 0.14614393727247268 0.11639674894641783 0.11493139176701204
4 0.6181005418422637 0.43416970036404373 0.11338651414810355 0.14772052646317557
4 0.6910987357013847 0.5903220386446374 0.10586092715231789 0.16038644637356483
4 0.6635069235400362 0.9037888546625594 0.14699879590608067 0.17964715765891906
6 0.3067940999397953 0.09572668720246429 0.08980433473810957 0.10370764491739008
7 0.47712221553281153 0.37114813777653316 0.12642986152919927 0.11688602632315877
8 0.7119205298013245 0.28082049845981516 0.08428657435279951 0.14065807896947635