1 0.5140773100344189 0.5945680119581465 0.0617765422292825 0.06407473841554559
1 0.26696584590945194 0.3229686098654708 0.06530844585649986 0.07692675635276532
1 0.25527402700555996 0.1826816143497758 0.0657479481069632 0.08634080717488789
2 0.8020042361662696 0.30951569506726456 0.07898596769923219 0.11579372197309416
2 0.8728276409849087 0.6284603886397608 0.09090018533227429 0.10196412556053812
2 0.7951628276409849 0.7199103139013453 0.07854646544876887 0.1264185351270553
2 0.17165210484511517 0.5245560538116593 0.08648927720413027 0.11238863976083707
2 0.0644241461477363 0.38352167414050825 0.06795604977495368 0.1173153961136024
3 0.3618400847233254 0.1316053811659193 0.09619539316918188 0.12469357249626309
4 0.5286391315859148 0.13733632286995515 0.11208101667990468 0.127186846038864
4 0.6365289912629071 0.4226457399103139 0.11340481863913159 0.15670254110612855
4 0.7316203335980938 0.5023796711509716 0.13149854381784484 0.1248370702541106
4 0.9054805401111994 0.7809297458893871 0.08207572147206778 0.17306726457399102
6 0.15223722531109346 0.2940657698056801 0.12178978024887477 0.1088101644245142
7 0.47524490336245695 0.4914170403587444 0.12708498808578236 0.12682810164424516
8 0.6418241990998147 0.24797309417040359 0.13458564998676198 0.14517189835575486