1 0.6992402148887183 0.5964900086880972 0.06821949347659248 0.09152041702867071
1 0.7559478127398311 0.7043874891398784 0.06395497569710923 0.0727367506516073
2 0.26306728063443335 0.27689834926151174 0.08101048861601433 0.08946713003185636
2 0.12641852136096188 0.3601737619461338 0.08655154771041186 0.08515493773530264
2 0.2498516244563827 0.6578019113814074 0.08527244819646967 0.09251086012163336
2 0.4843514965464313 0.7246655082536925 0.07845228958812996 0.11909064581523314
2 0.5589664875927347 0.2587952505068057 0.06907137375287797 0.10249348392701998
2 0.7793988232284472 0.5960063712713582 0.0750396520849322 0.0847639733565016
2 0.6067203888462522 0.6005936866492905 0.08271424916858532 0.09103967564436723
2 0.734203121002814 0.2179988415870258 0.07162957278076235 0.08171734723428903
3 0.7678869276029675 0.4895598030697944 0.0673650550012791 0.12961772371850563
3 0.8344001023279611 0.41666087460179557 0.10317984139166027 0.09965826817260354
4 0.4240214888718342 0.20038227628149435 0.0916679457661806 0.12467709238343469
4 0.9132770529547198 0.5774254271647842 0.10744435917114352 0.1431711555169418
4 0.14688411358403683 0.27497248769186217 0.10701713993348683 0.1319490298291341
4 0.20508314146840623 0.5165971618882131 0.11341263750319774 0.14314798725745728
4 0.33746994116142237 0.3189052997393571 0.05841135840368381 0.1445178105994787
4 0.41741366078280895 0.43645525629887055 0.13387822972627272 0.12187373298580943
6 0.5031133282169353 0.3720040544454098 0.08015605014070094 0.10591659426585578
6 0.48222051675620364 0.5342137271937446 0.09465336403172167 0.10598030697943817
8 0.5847608083908928 0.34907616565305527 0.061823995906881556 0.1440457573124819
8 0.6934842670759785 0.37900666087460183 0.13089536965975954 0.11702287865624095
8 0.5741033512407265 0.4828033593976252 0.13259913021233052 0.13927019982623803